[[   1,    0,  2145,   12,   52,   49,    6,    4,    0,    2,    4,    1,    0,    0,    1],
 [   1,    1,  2145,   12,   52,   49,    6,    4,    0,    2,    4,    1,    0,    0,    1],
 [   4,    0,  2104,    0,   52,    0,    6,   10,    0,    3,    4,    1,    0,    0,    1],
 [  31,    0,  2076,    0,   51,    0,    6,   10,    0,    3,    4,    0,    0,    0,    1],
 [  31,    1,  2124,    4,   51,    0,    6,    8,    0,    3,    4,    0,    0,    0,    1],
 [  40,    0,  2077,    4,   52,    0,    6,    8,    0,    3,    4,    0,    0,    0,    1],
 [  55,    0,  2144,    0,   51,    0,    0,    0,    0,    2,    4,    1,    1,    0,    1],
 [  58,    0,  2098,    0,   56,    0,    0,    0,   -1,    3,    4,    1,    1,    0,    1],
 [  76,    0,  2088,    0,   55,    0,    0,    0,    0,    1,    4,    1,    1,    0,    1],
 [  85,    0,  2126,    0,   50,    0,    0,    0,    0,    3,    4,    0,    1,    0,    1],
 [  94,    0,  2079,    0,   53,    0,    0,    0,    0,    3,    4,    0,    1,    0,    1]]