[[   2,    0,  3020,    8,   28,   23,    6,    6,    0,    2,    4,    0,    0,    0,    1],
 [   2,    1,  2913,    1,   23,   28,    6,    6,    0,    4,    4,    0,    0,    0,    1],
 [  19,    0,  2928,    0,   27,   27,    6,    6,    0,    2,    4,    0,    0,    0,    1],
 [  28,    0,  2931,    2,   27,   26,    5,    5,    0,    2,    4,    1,    0,    0,    1],
 [  37,    0,  2928,    0,   27,   27,    6,    6,    0,    2,    4,    1,    0,    0,    1],
 [  56,    0,  2941,    0,   28,   28,    2,    2,    0,    2,    4,    0,    0,    0,    1],
 [  56,    1,  2922,    0,   28,   28,    6,    6,    0,    2,    4,    0,    0,    0,    1],
 [  56,    2,  2906,    0,   28,   28,    2,    2,    0,    2,    4,    0,    0,    0,    0],
 [  56,    3,  2896,    0,   28,   28,    2,    2,    0,    2,    4,    0,    0,    0,    0],
 [  73,    0,  2925,    0,   29,   29,    1,    1,    0,    2,    4,    0,    0,    0,    1],
 [  82,    0,  2887,    0,   32,   32,    3,    3,    1,    2,    4,    1,    0,    0,    1],
 [  82,    1,  2919,    0,   26,   26,    2,    2,    0,    2,    4,    1,    0,    0,    1],
 [  91,    0,  2924,    0,   27,   27,    1,    1,    0,    2,    4,    1,    0,    0,    1],
 [  37,    0,  2928,    0,   27,   27,    6,    6,    0,    2,    0,    1,    0,    1,    1]]