[[  45,    0,  986,    0,   53,   53,    5,    5,    0,    2,    4,    1,    0,    0,    1],
 [  46,    0,  984,    1,   52,   52,    6,    6,    0,    3,    4,    1,    0,    0,    1],
 [  51,    0,  982,    0,   51,   51,    6,    6,    0,    3,    4,    0,    0,    0,    1],
 [  53,    0,  990,   -7,   52,   52,    6,    6,    0,    3,    4,    0,    0,    0,    1],
 [  99,    0,  990,    0,   51,   51,    1,    1,    0,    2,    4,    1,    0,    0,    1],
 [ 100,    0,  992,    0,   56,   56,    1,    1,    1,    3,    4,    1,    0,    0,    1],
 [ 103,    0,  992,    0,   56,   56,    1,    1,    0,    1,    4,    1,    0,    0,    1],
 [ 105,    0,  1028,    0,   52,   52,    1,    1,   -1,    3,    4,    0,    0,    0,    1],
 [ 105,    1,  992,    0,   52,   52,    1,    1,   -1,    3,    4,    0,    0,    0,    1],
 [ 107,    0,  1096,    0,   52,   52,    3,    3,    1,    3,    4,    0,    0,    0,    1],
 [ 107,    1,  992,    0,   52,   52,    4,    4,    0,    3,    4,    0,    0,    0,    1]]