[[   2,    0,  2677,   -4,   10,    0,    6,    9,    0,    4,    4,    0,    0,    0,    1],
 [  18,    0,  2512,    0,   10,    0,    6,   10,    0,    4,    4,    1,    0,    0,    1],
 [  19,    0,  2504,    0,   10,    0,    6,   10,    0,    4,    4,    0,    0,    0,    1],
 [  27,    0,  2536,    0,   10,    0,    6,   10,    0,    4,    4,    0,    0,    0,    1],
 [  28,    0,  2520,    0,   10,    0,    6,   10,    0,    4,    4,    1,    0,    0,    1],
 [  37,    0,  2568,    0,   10,    0,    6,   10,    0,    4,    4,    1,    0,    0,    1],
 [  72,    0,  2516,    0,    8,    0,    0,    0,    0,    4,    4,    1,    1,    0,    1],
 [  73,    0,  2515,    0,    8,    0,    0,    0,    0,    4,    4,    0,    1,    0,    1],
 [  82,    0,  2547,    0,    9,    0,    0,    0,    1,    4,    4,    1,    1,    0,    1],
 [  91,    0,  2584,    0,   11,    0,    0,    0,    0,    4,    4,    1,    1,    0,    1],
 [  91,    1,  2657,    0,   11,    0,    0,    0,   -1,    4,    4,    1,    1,    0,    1],
 [ 110,    0,  2781,  -19,   12,    0,    6,    0,    0,    4,    4,    0,    0,    0,    1]]