[[   0,  121,    0,    0,    0,  152,    0,  136,    0,    0,    0,    0,    0,    2,    0,    0,
     0,    4,    0,    0,    0,    0,    0,    0,    0,   15,    0,    0,    0,    0,    0,    4,
     0,    0,    0,    0,  1920,   52,   47,    0,  230,   28,  230,  230,  230,  137,  230,  178,
   230,  230,  230,  230,    1, -3703],
 [   0,    0,    0,    0,    0,  156,    0,    0,    0,    0,    0,    0,    0,    0,    0,    0,
     0,    0,    0,    0,    0,    0,    0,    0,    0,    0,    0,    0,    0,    0,    0,    0,
     0,    0,    0,    0,  1504,   56,   24,    0,  230,  230,  230,  230,  230,  136,  230,  230,
   230,  230,  230,  230,    1,  2144],
 [   0,    0,    0,    0,    0,    0,    0,    0,    0,    0,    0,    0,    0,    0,    0,    0,
     0,    0,    0,    0,    0,    0,    0,    0,    0,    0,    0,    0,    0,    0,    0,    0,
     0,    0,    0,    0,    0,    0,    0,    0,  230,  230,  230,  230,  230,  230,  230,  230,
   230,  230,  230,  230,    0, -2271],
 [   0,    0,    0,    0,    0,    0,    0,    0,    0,    0,    0,    0,    0,    0,    0,    0,
     0,    0,    0,    0,    0,    0,    0,    0,    0,    0,    0,    0,    0,    0,    0,    0,
     0,    0,    0,    0,    0,    0,    0,    0,  230,  230,  230,  230,  230,  230,  230,  230,
   230,  230,  230,  230,    0, -2271]]