[[ 327,    0,   16,   -8,    0,    0,    0,    0,   44,  430,   47,    0,    3,    0,    1,    0,
     0,    0,    0,    1,   -1,    3,    3,    0,   -4,    0,   -4,   -4,    0,    0,    6,    0,
     6,    6,    0,    0,  1200,   15,   63,    0,   20,  230,   40,   58,  230,  230,  230,  166,
   184,  130,  148,  230,    1,  3451],
 [ 130,    0,    0,    0,    0,    0,    0,    0,    0,    0,    0,  229,    0,    0,    0,    0,
     0,    0,    0,    0,    0,    0,    0,    5,   -4,    0,    0,    0,    0,  -35,    6,    0,
     0,    0,    0,    6,  1456,   18,   28,    0,   22,  230,  230,  230,  230,  230,  230,  230,
   230,  230,  230,  226,    1,  3759],
 [   0,    0,    0,    0,    0,    0,    0,    0,    0,    0,    0,    0,    0,    0,    0,    0,
     0,    0,    0,    0,    0,    0,    0,    0,    0,    0,    0,    0,    0,    0,    0,    0,
     0,    0,    0,    0,    0,    0,    0,    0,  230,  230,  230,  230,  230,  230,  230,  230,
   230,  230,  230,  230,    0,  632],
 [   0,    0,    0,    0,    0,    0,    0,    0,    0,    0,    0,    0,    0,    0,    0,    0,
     0,    0,    0,    0,    0,    0,    0,    0,    0,    0,    0,    0,    0,    0,    0,    0,
     0,    0,    0,    0,    0,    0,    0,    0,  230,  230,  230,  230,  230,  230,  230,  230,
   230,  230,  230,  230,    0,  632]]