[[   0,  120,    0,    0,    0,  164,    0,    0,    0,    0,    0,    0,    0,    0,    0,    0,
     0,    3,    0,    0,    0,    0,    0,    0,    0,   15,    0,    0,    0,    0,    0,    4,
     0,    0,    0,    0,  1488,   53,   43,    0,  230,   28,  230,  230,  230,  136,  230,  230,
   230,  230,  230,  230,    1, -3721],
 [   0,    0,   12,    0,    0,    0,    0,    0,    0,    0,    0,    0,    0,    0,    0,    0,
     0,    0,    0,    0,    0,    0,    0,    0,    0,    0,  -10,    0,    0,    0,    0,    0,
     4,    0,    0,    0,  1568,   41,   10,    0,  230,  230,   40,  230,  230,  230,  230,  230,
   230,  230,  230,  230,    1, -2861],
 [   0,    0,    0,    0,    0,    0,    0,    0,    0,    0,    0,    0,    0,    0,    0,    0,
     0,    0,    0,    0,    0,    0,    0,    0,    0,    0,    0,    0,    0,    0,    0,    0,
     0,    0,    0,    0,    0,    0,    0,    0,  230,  230,  230,  230,  230,  230,  230,  230,
   230,  230,  230,  230,    0, -2271],
 [   0,    0,    0,    0,    0,    0,    0,    0,    0,    0,    0,    0,    0,    0,    0,    0,
     0,    0,    0,    0,    0,    0,    0,    0,    0,    0,    0,    0,    0,    0,    0,    0,
     0,    0,    0,    0,    0,    0,    0,    0,  230,  230,  230,  230,  230,  230,  230,  230,
   230,  230,  230,  230,    0, -2271]]