[[ -86,    0,    0,   27,   40,    0,    0,    0,   49,    0,  -16, -104,    0,    0,    0,    0,
     0,    0,    0,    0,    1,    0,    0,    4,    4,    0,    0,    2,    0,    7,    4,    0,
     5,    6,    5,    6,  960,   13,   61,    0,   18,  230,   40,   56,   76,  230,  230,  230,
   184,  230,  146,  222,    1, -989],
 [   0,    0,    0,    0,    0,    0,    0,    0,    0,    0,    0,    0,    0,    0,    0,    0,
     0,    0,    0,    0,    0,    0,    0,    0,    0,    0,    0,    0,    0,    0,    0,    0,
     0,    0,    0,    0,    0,    0,    0,    0,  230,  230,  230,  230,  230,  230,  230,  230,
   230,  230,  230,  230,    0, -2271],
 [   0,    0,    0,    0,    0,    0,    0,    0,    0,    0,    0,    0,    0,    0,    0,    0,
     0,    0,    0,    0,    0,    0,    0,    0,    0,    0,    0,    0,    0,    0,    0,    0,
     0,    0,    0,    0,    0,    0,    0,    0,  230,  230,  230,  230,  230,  230,  230,  230,
   230,  230,  230,  230,    0, -2271],
 [   0,    0,    0,    0,    0,    0,    0,    0,    0,    0,    0,    0,    0,    0,    0,    0,
     0,    0,    0,    0,    0,    0,    0,    0,    0,    0,    0,    0,    0,    0,    0,    0,
     0,    0,    0,    0,    0,    0,    0,    0,  230,  230,  230,  230,  230,  230,  230,  230,
   230,  230,  230,  230,    0, -2271]]