[[ 438,  136,    8,    0,   20,    0,    0,   -5,   42,  502,   31,    0,    5,    3,    2,    0,
     0,    0,    0,    6,    0,    7,    1,    0,  -12,  -12,    0,    0,    0,    0,    6,    6,
     6,    0,    6,    0,  128,   44,   62,    0,   18,   10,   38,  230,   82,  230,  230,  172,
   190,  126,  146,  230,    1,  2651],
 [   0,    0,    0,    0,    0,    0,    0,    0,    0,    0,    0,    0,    0,    0,    0,    0,
     0,    0,    0,    0,    0,    0,    0,    0,    0,    0,    0,    0,    0,    0,    0,    0,
     0,    0,    0,    0,    0,    0,    0,    0,  230,  230,  230,  230,  230,  230,  230,  230,
   230,  230,  230,  230,    0,  632],
 [   0,    0,    0,    0,    0,    0,    0,    0,    0,    0,    0,    0,    0,    0,    0,    0,
     0,    0,    0,    0,    0,    0,    0,    0,    0,    0,    0,    0,    0,    0,    0,    0,
     0,    0,    0,    0,    0,    0,    0,    0,  230,  230,  230,  230,  230,  230,  230,  230,
   230,  230,  230,  230,    0,  632],
 [   0,    0,    0,    0,    0,    0,    0,    0,    0,    0,    0,    0,    0,    0,    0,    0,
     0,    0,    0,    0,    0,    0,    0,    0,    0,    0,    0,    0,    0,    0,    0,    0,
     0,    0,    0,    0,    0,    0,    0,    0,  230,  230,  230,  230,  230,  230,  230,  230,
   230,  230,  230,  230,    0,  632]]