[[   0,  -84,    0,    0,    0, -133,   26,    0,    0,    0,    0,    0,    0,    0,    0,    0,
     0,    1,    0,    0,    0,    0,    0,    0,    0,   12,    0,    0,    0,    0,    0,    6,
     0,    0,    0,    0, -128,   55,   41,    0,  230,   10,  230,  230,  230,  116,  154,  230,
   230,  230,  230,  230,    1, -3313],
 [   0,    0,    0,    0,    0,    0,    0,  -40,    0,    0,    0,    0,    0,    0,    0,    0,
     0,    0,    0,    0,    0,    0,    0,    0,    0,    0,    0,    0,    0,    0,    0,    0,
     0,    0,    0,    0, -512,   41,   33,    0,  230,  230,  230,  230,  230,  230,  230,  170,
   230,  230,  230,  230,    1,  2188],
 [   0,  152,    0,    0,    0,  171,    0,    0,    0,    0,    0,    0,    0,    1,    0,    0,
     0,    0,    0,    0,    0,    0,    0,    0,    0,   15,    0,    0,    0,    0,    0,    6,
     0,    0,    0,    0, -432,   56,    9,    0,  230,    8,  230,  230,  230,  116,  230,  230,
   230,  230,  230,  230,    1, -3286],
 [   0,    0,    0,    0,    0,    0,    0,    0,    0,    0,    0,    0,    0,    0,    0,    0,
     0,    0,    0,    0,    0,    0,    0,    0,    0,    0,    0,    0,    0,    0,    0,    0,
     0,    0,    0,    0,    0,    0,    0,    0,  230,  230,  230,  230,  230,  230,  230,  230,
   230,  230,  230,  230,    0,  632]]