[[ 361,    0,   16,    0,    0,    0,    0,    0,    0,  415,  -19,    0,    6,    0,    0,    0,
     0,    0,    0,    0,    0,    6,    0,    0,  -12,    0,    0,    0,    0,    0,    6,    0,
     6,    0,    0,    0, -912,   29,   46,    0,    2,  230,   36,  230,  230,  230,  230,  230,
   230,  110,  144,  230,    1,  3710],
 [   0,    0,    0,    0,    0,    0,    0,   54,  433,    0,    0,    0,    0,    0,    0,    0,
     0,    0,    0,    2,    0,    0,    0,    0,    0,    0,    0,    0,    0,    0,    0,    0,
     0,    0,    0,    0, -608,   27,   34,    0,  230,  230,  230,  230,  230,  230,  230,  162,
   182,  230,  230,  230,    1,  1767],
 [   0,    0,    0,    0,    0,    0,    0,    0,    0,    0,    0,    0,    0,    0,    0,    0,
     0,    0,    0,    0,    0,    0,    0,    0,    0,    0,    0,    0,    0,    0,    0,    0,
     0,    0,    0,    0,    0,    0,    0,    0,  230,  230,  230,  230,  230,  230,  230,  230,
   230,  230,  230,  230,    0,  632],
 [   0,    0,    0,    0,    0,    0,    0,    0,    0,    0,    0,    0,    0,    0,    0,    0,
     0,    0,    0,    0,    0,    0,    0,    0,    0,    0,    0,    0,    0,    0,    0,    0,
     0,    0,    0,    0,    0,    0,    0,    0,  230,  230,  230,  230,  230,  230,  230,  230,
   230,  230,  230,  230,    0,  632]]