[[   0,    0,   14,   30,    0,    0,    0,   35,    0,    0,    0,    0,    0,    0,    4,    0,
     0,    0,    0,    1,    0,    0,    0,    0,    0,    0,   -1,    2,    0,    0,    0,    0,
     6,    6,    0,    0, -240,   33,   52,    0,  230,  230,   36,   54,  230,  230,  230,  164,
   230,  230,  230,  230,    1, -203],
 [   0,    0,    0,  107,    0,    0,    0,  131,    0,    0,    0,    0,    0,    0,    0,    0,
     0,    0,    0,    1,    0,    0,    0,    0,    0,    0,    0,    2,    0,    0,    0,    0,
     0,    4,    0,    0, -336,   33,   27,    0,  230,  230,  230,   56,  230,  230,  230,  164,
   230,  230,  230,  230,    1, -2500],
 [   0,    0,    0,    0,    0,    0,    0,    0,    0,    0,    0,    0,    0,    0,    0,    0,
     0,    0,    0,    0,    0,    0,    0,    0,    0,    0,    0,    0,    0,    0,    0,    0,
     0,    0,    0,    0,    0,    0,    0,    0,  230,  230,  230,  230,  230,  230,  230,  230,
   230,  230,  230,  230,    0, -2271],
 [   0,    0,    0,    0,    0,    0,    0,    0,    0,    0,    0,    0,    0,    0,    0,    0,
     0,    0,    0,    0,    0,    0,    0,    0,    0,    0,    0,    0,    0,    0,    0,    0,
     0,    0,    0,    0,    0,    0,    0,    0,  230,  230,  230,  230,  230,  230,  230,  230,
   230,  230,  230,  230,    0, -2271]]