[[  20,    0,  3710,   -2,   33,   33,    6,    6,    0,    2,    6,    1,    0,   -1,    1],
 [  10,    0,  3858,   -5,   34,   34,    5,    5,    0,    2,    4,    0,    0,    0,    1],
 [  19,    0,  3703,   -1,   33,   32,    6,    6,    0,    2,    4,    0,    0,    0,    1],
 [  20,    0,  3710,   -2,   32,   32,    6,    6,    0,    2,    4,    1,    0,    0,    1],
 [  28,    0,  3702,    2,   32,   32,    4,    4,    0,    2,    4,    1,    0,    0,    1],
 [  29,    0,  3706,    1,   32,   32,    5,    5,    0,    2,    4,    0,    0,    0,    1],
 [  37,    0,  3727,    1,   32,   32,    6,    6,    0,    2,    4,    1,    0,    0,    1],
 [  38,    0,  3731,    2,   32,   32,    6,    6,    0,    2,    4,    0,    0,    0,    1],
 [  64,    0,  3915,    0,   32,   32,    2,    2,    0,    2,    4,    0,    0,    0,    1],
 [  73,    0,  3714,    0,   35,   35,    1,    1,    0,    2,    4,    0,    0,    0,    1],
 [  74,    0,  3716,    0,   35,   35,    1,    1,    0,    2,    4,    1,    0,    0,    1],
 [  82,    0,  3707,    0,   33,   33,    2,    2,   -1,    2,    4,    1,    0,    0,    1],
 [  97,    0,  3740,    0,   36,   36,    3,    3,    0,    2,    4,    1,    0,    0,    1]]