[[   9,    0,  3664,  -14,   28,   27,    4,    4,    0,    2,    4,    1,    0,    0,    1],
 [  10,    0,  3794,   15,   28,   27,    6,    6,    0,    2,    4,    0,    0,    0,    1],
 [  19,    0,  3696,    0,   28,   27,    6,    6,    0,    2,    4,    1,    0,    0,    1],
 [  20,    0,  3752,    0,   28,   27,    5,    5,    0,    2,    4,    0,    0,    0,    1],
 [  20,    1,  3696,    0,   27,   28,    6,    6,    0,    2,    4,    0,    0,    0,    1],
 [  29,    0,  3697,    0,   27,   27,    6,    6,    0,    2,    4,    1,    0,    0,    1],
 [  37,    0,  3696,    0,   27,   27,    6,    6,    0,    2,    4,    0,    0,    0,    1],
 [  38,    0,  3696,    0,   27,   27,    6,    6,    0,    2,    4,    1,    0,    0,    1],
 [  63,    0,  3698,    0,   26,   26,    1,    1,    0,    6,    4,    1,    0,    0,    1],
 [  73,    0,  3698,    0,   30,   30,    1,    1,    0,    2,    4,    1,    0,    0,    1],
 [  74,    0,  3699,    0,   30,   30,    2,    2,    0,    2,    4,    0,    0,    0,    1],
 [  82,    0,  3706,    0,   28,   28,    2,    2,    0,    2,    4,    0,    0,    0,    1],
 [  91,    0,  3696,    0,   28,   28,    2,    2,    0,    2,    4,    0,    0,    0,    1]]