[[   0,    0,  1434,    0,   40,    0,    6,   10,    0,    2,    4,    0,    0,    0,    1],
 [  18,    0,  1328,    0,   41,    0,    6,   10,    0,    2,    4,    1,    0,    0,    1],
 [  39,    0,  1313,    0,   40,    0,    6,   10,    0,    2,    4,    1,    0,    0,    1],
 [  48,    0,  1328,    0,   41,    0,    6,   10,    0,    2,    4,    0,    0,    0,    1],
 [  50,    0,  1312,    0,   40,    0,    6,   10,    0,    2,    4,    1,    0,    0,    1],
 [  53,    0,  1313,    0,   40,    0,    6,   10,    0,    2,    4,    0,    0,    0,    1],
 [  54,    0,  1466,    0,   42,    0,    0,    0,    0,    2,    4,    0,    1,    0,    1],
 [  72,    0,  1339,    0,   41,    0,    0,    0,    0,    2,    4,    1,    1,    0,    1],
 [ 102,    0,  1335,    0,   41,    0,    0,    0,    0,    2,    4,    0,    1,    0,    1],
 [ 105,    0,  1301,    0,   41,    0,    0,    0,    1,    2,    4,    0,    1,    0,    1],
 [ 107,    0,  1301,    0,   44,    0,    0,    0,    0,    2,    4,    0,    1,    0,    1]]