[[   9,    0,  3624,   -3,   19,   17,    5,    5,    0,    4,    4,    1,    0,    0,    1],
 [   9,    1,  3493,    0,   17,   19,    4,    4,    0,    4,    4,    1,    0,    0,    1],
 [  19,    0,  3524,   -2,   18,   18,    6,    6,    0,    4,    4,    1,    0,    0,    1],
 [  28,    0,  3496,    0,   18,   18,    6,    6,    0,    4,    4,    0,    0,    0,    1],
 [  37,    0,  3488,    0,   18,   18,    6,    6,    0,    4,    4,    0,    0,    0,    1],
 [  63,    0,  3639,    0,   18,   18,    2,    2,    0,    4,    4,    1,    0,    0,    1],
 [  73,    0,  3527,    0,   19,   19,    1,    1,    0,    4,    4,    1,    0,    0,    1],
 [  82,    0,  3495,    0,   19,   19,    2,    2,    0,    4,    4,    0,    0,    0,    1],
 [  91,    0,  3509,    0,   19,   19,    4,    4,   -1,    4,    4,    0,    0,    0,    1],
 [ 111,    0,  3656,  -11,   22,   22,    6,    6,    0,    4,    4,    0,    0,    0,    1],
 [  28,    0,  3496,    0,   18,   18,    6,    6,    0,    4,    0,    0,    0,    1,    1]]