[[   1,    0,  1963,    4,    3,    0,    6,    8,    0,    0,    4,    1,    0,    0,    1],
 [   1,    1,  2003,    8,    3,    0,    6,    6,    0,    0,    4,    1,    0,    0,    1],
 [  18,    0,  1968,    0,    7,    5,    6,   10,    0,    4,    4,    0,    0,    0,    1],
 [  18,    1,  2032,  -12,    7,    5,    6,    5,    0,    4,    4,    0,    0,    0,    1],
 [  27,    0,  1968,    0,    7,    0,    6,   10,    0,    4,    4,    1,    0,    0,    1],
 [  36,    0,  1968,    0,    7,    0,    6,   10,    0,    4,    4,    1,    0,    0,    1],
 [  72,    0,  1938,    0,    7,    0,    0,    0,    0,    4,    4,    0,    1,    0,    1],
 [  72,    1,  1966,    0,    7,    0,    0,    0,    0,    4,    4,    0,    1,    0,    1],
 [  81,    0,  1964,    0,    8,    0,    0,    0,    0,    4,    4,    1,    1,    0,    1],
 [  90,    0,  1964,    0,    7,    0,    0,    0,    0,    4,    4,    1,    1,    0,    1],
 [  90,    1,  2183,    0,    5,    0,    0,    0,    1,    4,    4,    1,    1,    0,    1],
 [ 109,    0,  1962,    0,    8,    0,    6,    0,    0,    4,    4,    1,    0,    0,    1]]