[[   0,  -68,    8,    8,    0,  -65,    0,   10,    0,    0,    0,    0,    0,    4,    3,    3,
     2,    0,    7,    0,    0,    0,    0,    0,    0,    4,    0,    0,    0,    0,    0,    6,
     6,    6,    6,    0, -656,   71,   63,    0,  230,    8,   44,   62,   80,  116,  152,  170,
   230,  230,  230,  230],
 [   0,  -36,    0,   40,   32,  -33,   32,   42,    0,    0,    0,    0,    0,    4,    0,    3,
     2,    0,    7,    0,    0,    0,    0,    0,    0,    4,    0,    0,    0,    0,    0,    6,
     0,    6,    6,    0, -688,   71,   58,    0,  230,    8,  230,   62,   80,  116,  152,  170,
   230,  230,  230,  230],
 [   0,   60,    0,  136,  128,   63,    0,  138,    0,    0,    0,    0,    0,    4,    0,    3,
     2,    0,    0,    0,    0,    0,    0,    0,    0,    4,    0,    0,    0,    0,    0,    6,
     0,    6,    6,    0, -784,   71,   47,    0,  230,    8,  230,   62,   80,  116,  230,  170,
   230,  230,  230,  230],
 [   0,  156,    0,    0,  224,  159,    0,  234,    0,    0,    0,    0,    0,    4,    0,    0,
     2,    0,    0,    0,    0,    0,    0,    0,    0,    4,    0,    0,    0,    0,    0,    6,
     0,    0,    6,    0, -880,   71,   20,    0,  230,    8,  230,  230,   80,  116,  230,  170,
   230,  230,  230,  230]]