[[-228,    0,    0,    0,    0,    0,    0,    0,    0, -330,   31,    0,    2,    0,    0,    0,
     0,    0,    0,    0,    0,    5,    0,    0,    8,    0,    0,    0,    0,    0,    6,    0,
     0,    0,    0,    0,  1760,   23,   27,    0,   20,  230,  230,  230,  230,  230,  230,  230,
   230,  128,  148,  230],
 [   0,    0,    0,  112, -136,    0,    0,    0,    0,    0,    0,    0,    0,    0,    0,    0,
     1,    0,    0,    0,    0,    0,    0,    0,    0,    0,    0,   -4,   -4,    0,    0,    0,
     0,    6,    6,    0,  1552,   21,   25,    0,  230,  230,  230,   58,   76,  230,  230,  230,
   230,  230,  230,  230],
 [   0,    0,    8,  -96,    0,    0,    0,    0,    0,    0,   31,    0,    0,    0,    1,    0,
     0,    0,    0,    0,    0,    0,    2,    0,    0,    0,    0,   -4,    0,    0,    0,    0,
     6,    6,    0,    0,  1760,   21,   19,    0,  230,  230,   40,   58,  230,  230,  230,  230,
   230,  230,  148,  230],
 [ 572,    0,    0,    0,    0,    0,    0,    0,  320,  470,    0,    0,    1,    0,    0,    0,
     0,    0,    0,    0,    0,    4,    0,    0,    8,    0,    0,    0,    0,    0,    6,    0,
     0,    0,    0,    0,  960,   24,   13,    0,   20,  230,  230,  230,  230,  230,  230,  230,
   184,  128,  230,  230]]