[[ 184,    0,    8,   -8,   -8,    0,    0,  -13,   -4,  228,   32,    0,   -1,    0,    0,    0,
     0,    0,    0,    0,    4,    1,   -1,    0,    0,    0,    0,    0,    0,    0,    6,    0,
     6,    6,    6,    0,  1008,   31,   63,    0,   20,  230,   40,   56,   74,  230,  230,  166,
   194,  128,  148,  230],
 [ 376,    0,    0,  184,  192,    0,    0,  179,  188,  420,    0,    0,   -1,    0,    0,    0,
     0,    0,    0,    0,    4,    1,    0,    0,    0,    0,    0,    0,    0,    0,    6,    0,
     0,    6,    6,    0,  816,   31,   49,    0,   20,  230,  230,   56,   76,  230,  230,  166,
   194,  128,  230,  230],
 [   0,    0,    0, -104, -104,    0,    0, -109, -100,    0,    0,    0,    0,    0,    0,    0,
     0,    0,    0,    0,    4,    0,    0,    0,    0,    0,    0,    0,    0,    0,    0,    0,
     0,    6,    6,    0,  1104,   31,   47,    0,  230,  230,  230,   56,   74,  230,  230,  166,
   194,  230,  230,  230],
 [ 472,    0,    0,    0,  280,    0,    0,  275,  284,  516,    0,    0,   -1,    0,    0,    0,
     0,    0,    0,    0,    4,    1,    0,    0,    0,    0,    0,    0,    0,    0,    6,    0,
     0,    0,    6,    0,  720,   31,   25,    0,   20,  230,  230,  230,   74,  230,  230,  166,
   194,  128,  230,  230]]