[[-237,    0,   17,   67,   64,    0,    0,   73,   67, -299,    1, -345,    0,    0,    1,    0,
     0,    0,    0,    0,    0,    2,   -1,    3,   -2,    0,    1,    2,    0,   25,    5,    0,
     6,    4,    5,    5,  1440,   19,   63,    0,   20,  230,   40,   58,   76,  230,  230,  166,
   184,  128,  148,  224],
 [-189,    0,    0,  115,  112,    0,    0,  121,  115, -251,    0, -297,    0,    0,    0,    0,
     0,    0,    0,    0,    0,    2,    0,    3,   -2,    0,    0,    2,    0,   25,    5,    0,
     0,    4,    5,    5,  1392,   19,   55,    0,   20,  230,  230,   58,   76,  230,  230,  166,
   184,  128,  230,  224],
 [-141,    0,    0,    0,  160,    0,    0,    0,  163, -203,    0, -249,    0,    0,    0,    0,
     0,    0,    0,    0,    0,    2,    0,    3,   -2,    0,    0,    0,    0,   25,    5,    0,
     0,    0,    5,    5,  1344,   19,   40,    0,   20,  230,  230,  230,   76,  230,  230,  230,
   184,  128,  230,  224],
 [ 419,    0,    0,    0,    0,    0,    0,    0,    0,  357,    0,  311,    0,    0,    0,    0,
     0,    0,    0,    0,    0,    0,    0,    1,   -2,    0,    0,    0,    0,   25,    5,    0,
     0,    0,    0,    5,  784,   21,   38,    0,   20,  230,  230,  230,  230,  230,  230,  230,
   230,  128,  230,  224]]