[[-340,    0,    8, -104, -352,    0,    0, -219,    0, -494,   18,    0,    6,    0,    2,    0,
    -3,    0,    0,    0,    0,    7,    4,    0,   12,    0,    0,   -4,   -4,    0,    6,    0,
     6,    6,    6,    0,  576,   30,   63,    0,    4,  230,   38,   56,   74,  230,  230,  164,
   230,  112,  146,  230],
 [   0,    0,    0,    8, -240,    0,    0, -107, -359,    0,    0,    0,    0,    0,    0,    3,
     0,    0,    0,    3,    0,    0,    0,    0,    0,    0,    0,   -4,   -4,    0,    0,    0,
     0,    6,    6,    0,  464,   27,   49,    0,  230,  230,  230,   56,   74,  230,  230,  164,
   182,  230,  230,  230],
 [   0,    0,    0,    0,  144,    0,    0,  277,   25,    0,    0,    0,    0,    0,    0,    0,
     0,    0,    0,    3,    0,    0,    0,    0,    0,    0,    0,    0,   -4,    0,    0,    0,
     0,    0,    6,    0,   80,   27,   34,    0,  230,  230,  230,  230,   74,  230,  230,  164,
   182,  230,  230,  230],
 [   0,    0,    0,    0,  -64,    0,    0,   69,    0,    0,    0,    0,    0,    0,    0,    0,
     0,    0,    0,    3,    0,    0,    0,    0,    0,    0,    0,    0,   -4,    0,    0,    0,
     0,    0,    6,    0,  288,   27,   34,    0,  230,  230,  230,  230,   74,  230,  230,  164,
   230,  230,  230,  230]]