[[-269,    0,    8,  104,  104,    0,    0,  111,   92,    0,  -20, -404,    3,    0,    1,    0,
    -1,    0,    0,    0,   -1,    0,    1,    6,    9,    0,    3,    0,    0,   29,    6,    0,
     6,    4,    6,    6,  1440,   11,   63,    0,   20,  230,   40,   58,   76,  230,  230,  167,
   184,  230,  148,  224],
 [-205,    0,    0,    0,    0,    0,    0,    0,  156,    0,    0, -340,    4,    0,    0,    0,
     0,    0,    0,    0,    0,    0,    0,    7,    9,    0,    0,    0,    0,   29,    6,    0,
     0,    0,    0,    6,  1376,   10,   34,    0,   20,  230,  230,  230,  230,  230,  230,  230,
   184,  230,  230,  224],
 [ 419,    0,    0,    0,    0,    0,    0,    0,    0,    0,    0,  284,    0,    0,    0,    0,
     0,    0,    0,    0,    0,    0,    0,    3,    9,    0,    0,    0,    0,   29,    6,    0,
     0,    0,    0,    6,  752,   14,   33,    0,   20,  230,  230,  230,  230,  230,  230,  230,
   230,  230,  230,  224],
 [ 259,    0,    0,    0,    0,    0,    0,    0,    0,    0,    0,  124,    0,    0,    0,    0,
     0,    0,    0,    0,    0,    0,    0,    3,    9,    0,    0,    0,    0,   29,    6,    0,
     0,    0,    0,    6,  912,   14,   33,    0,   20,  230,  230,  230,  230,  230,  230,  230,
   230,  230,  230,  224]]