[[   0, -104,   12,   32,   16,    0,    0,   17,    7,    0,    0,    0,    0,    6,    2,    0,
    -2,    0,    0,    4,   -3,    0,    0,    0,    0,   12,    4,    0,    0,    0,    0,    6,
     6,    6,    6,    0, -1216,   56,   63,    0,  230,    6,   42,   60,   78,  230,  230,  168,
   186,  230,  230,  230],
 [   0,    0,    0,  144,  128,    0,    0,  129,  119,    0,    0,    0,    0,    0,    0,    3,
     1,    0,    0,    7,    0,    0,    0,    0,    0,    0,    0,    0,    0,    0,    0,    0,
     0,    6,    6,    0, -1328,   53,   51,    0,  230,  230,  230,   60,   78,  230,  230,  168,
   186,  230,  230,  230],
 [   0,    0,    0,    0,  240,    0,    0,  241,  231,    0,    0,    0,    0,    0,    0,    0,
     1,    0,    0,    7,    0,    0,    0,    0,    0,    0,    0,    0,    0,    0,    0,    0,
     0,    0,    6,    0, -1440,   53,   28,    0,  230,  230,  230,  230,   78,  230,  230,  168,
   186,  230,  230,  230],
 [   0,    0,    0,    0,  272,    0,    0,    0,  263,    0,    0,    0,    0,    0,    0,    0,
     1,    0,    0,    0,    0,    0,    0,    0,    0,    0,    0,    0,    0,    0,    0,    0,
     0,    0,    6,    0, -1472,   53,   12,    0,  230,  230,  230,  230,   78,  230,  230,  230,
   186,  230,  230,  230]]