[[-139,    0,   11,   10,  -36,    0,    0,    0,    0,    0,   12, -234,    0,    0,    0,    0,
     0,    0,    0,    0,    0,    0,   -2,   -1,    4,    0,    1,   -2,   -3,   22,    6,    0,
     5,    6,    4,    6,  1520,    9,   61,    0,   20,  230,   40,   58,   76,  230,  230,  230,
   230,  230,  148,  224],
 [ -43,    0,    0,    0,    0,    0,    0,    0,   33,    0,    0, -138,    0,    0,    0,    0,
     0,    0,    0,    0,    0,    0,    0,   -1,    4,    0,    0,    0,    0,   22,    6,    0,
     0,    0,    0,    6,  1424,    9,   34,    0,   20,  230,  230,  230,  230,  230,  230,  230,
   184,  230,  230,  224],
 [ 421,    0,    0,    0,    0,    0,    0,    0,    0,    0,    0,  326,    1,    0,    0,    0,
     0,    0,    0,    0,    0,    0,    0,    0,    4,    0,    0,    0,    0,   22,    6,    0,
     0,    0,    0,    6,  960,    8,   33,    0,   20,  230,  230,  230,  230,  230,  230,  230,
   230,  230,  230,  224],
 [ 149,    0,    0,    0,    0,    0,    0,    0,    0,    0,    0,   54,    1,    0,    0,    0,
     0,    0,    0,    0,    0,    0,    0,    0,    4,    0,    0,    0,    0,   22,    6,    0,
     0,    0,    0,    6,  1232,    8,   33,    0,   20,  230,  230,  230,  230,  230,  230,  230,
   230,  230,  230,  224]]