[[   0,   28,    8,    8,   12,    0,   15,   15,   15,    0,    0,    0,    0,    3,    2,    1,
     1,    0,    0,    5,   -3,    0,    0,    0,    0,    0,    0,    0,    0,    0,    0,    6,
     6,    6,    6,    0, -192,   77,   62,    0,  230,   10,   46,   64,   82,  230,  154,  172,
   190,  230,  230,  230],
 [   0,  156,    0,  136,  140,    0,    0,    0,  143,    0,    0,    0,    0,    6,    0,    4,
     4,    0,    0,    0,    0,    0,    0,    0,    0,    0,    0,    0,    0,    0,    0,    6,
     0,    6,    6,    0, -320,   74,   37,    0,  230,   10,  230,   64,   82,  230,  230,  230,
   190,  230,  230,  230],
 [   0,  188,    0,    0,  172,    0,    0,    0,  175,    0,    0,    0,    0,    6,    0,    0,
     4,    0,    0,    0,    0,    0,    0,    0,    0,    0,    0,    0,    0,    0,    0,    6,
     0,    0,    6,    0, -352,   74,   14,    0,  230,   10,  230,  230,   82,  230,  230,  230,
   190,  230,  230,  230],
 [   0,    0,    0,    0,  236,    0,    0,    0,  239,    0,    0,    0,    0,    0,    0,    0,
     4,    0,    0,    0,    0,    0,    0,    0,    0,    0,    0,    0,    0,    0,    0,    0,
     0,    0,    6,    0, -416,   74,    7,    0,  230,  230,  230,  230,   82,  230,  230,  230,
   190,  230,  230,  230]]