[[   0,    0,   16,    0,    4,   66,   20,   20,    1,    0,    0,    0,    0,    0,    0,    0,
     0,   -5,    5,   -1,    3,    0,    0,    0,    0,    0,   -4,    0,    0,    0,    0,    0,
     6,    6,    6,    0, -816,   61,   61,    0,  230,  230,   44,   60,   78,  116,  152,  170,
   188,  230,  230,  230],
 [   0,    0,    0,  144,  148,    0,    0,  164,  145,    0,    0,    0,    0,    0,    0,    1,
     1,    0,    0,    0,    4,    0,    0,    0,    0,    0,    0,    0,    0,    0,    0,    0,
     0,    6,    6,    0, -960,   60,   22,    0,  230,  230,  230,   60,   78,  230,  230,  170,
   188,  230,  230,  230],
 [   0,    0,    0,    0,  228,    0,    0,  244,  225,    0,    0,    0,    0,    0,    0,    0,
     1,    0,    0,    0,    4,    0,    0,    0,    0,    0,    0,    0,    0,    0,    0,    0,
     0,    0,    6,    0, -1040,   60,    7,    0,  230,  230,  230,  230,   78,  230,  230,  170,
   188,  230,  230,  230],
 [   0,    0,    0,    0,  292,    0,    0,    0,  289,    0,    0,    0,    0,    0,    0,    0,
     0,    0,    0,    0,    3,    0,    0,    0,    0,    0,    0,    0,    0,    0,    0,    0,
     0,    0,    6,    0, -1104,   61,    2,    0,  230,  230,  230,  230,   78,  230,  230,  230,
   188,  230,  230,  230]]