[[   0,  104,    0,    0,   69,   86,   30,   48,    0,    0,    0,    0,    0,    4,    0,    0,
     3,    1,    0,    5,    0,    0,    0,    0,    0,   -4,    0,    0,    0,    0,    0,    6,
     0,    0,    6,    0,  496,   55,   41,    0,  230,   24,  230,  230,   84,  132,  156,  174,
   230,  230,  230,  230],
 [   0,  184,    0,    0,  149,  166,    0,  128,    0,    0,    0,    0,    0,    1,    0,    0,
     0,   -2,    0,    2,    0,    0,    0,    0,    0,   -4,    0,    0,    0,    0,    0,    6,
     0,    0,    6,    0,  416,   58,   20,    0,  230,   24,  230,  230,   84,  132,  230,  174,
   230,  230,  230,  230],
 [   0,  -24,    0,    0,  -59,  -42,    0,  -80,    0,    0,    0,    0,    0,    1,    0,    0,
     0,   -2,    0,    2,    0,    0,    0,    0,    0,   -4,    0,    0,    0,    0,    0,    6,
     0,    0,    6,    0,  624,   58,   20,    0,  230,   24,  230,  230,   84,  132,  230,  174,
   230,  230,  230,  230],
 [   0,    0,    0,    0,  261,    0,    0,  240,    0,    0,    0,    0,    0,    0,    0,    0,
     0,    0,    0,    2,    0,    0,    0,    0,    0,    0,    0,    0,    0,    0,    0,    0,
     0,    0,    6,    0,  304,   58,    3,    0,  230,  230,  230,  230,   84,  230,  230,  174,
   230,  230,  230,  230]]