[[ 208,    0,    8,  -32,    0,    0,    0,  -16,  -56,  232,    0,    0,    0,    0,    0,    0,
     0,    0,    0,    3,   -1,   -2,    0,    0,   -4,    0,    0,    0,    0,    0,    6,    0,
     5,    6,    0,    0,  496,   37,   61,    0,   18,  230,   38,   56,  230,  230,  230,  174,
   192,  126,  230,  230],
 [ 464,    0,    0,  224,    0,    0,    0,  240,  200,  488,    0,    0,    0,    0,    0,    0,
     0,    0,    0,    3,   -1,   -2,    0,    0,   -4,    0,    0,    0,    0,    0,    6,    0,
     0,    6,    0,    0,  240,   37,   45,    0,   18,  230,  230,   56,  230,  230,  230,  174,
   192,  126,  230,  230],
 [ 544,    0,    0,    0,    0,    0,    0,  320,  280,  568,    0,    0,    1,    0,    0,    0,
     0,    0,    0,    4,    0,   -1,    0,    0,   -4,    0,    0,    0,    0,    0,    6,    0,
     0,    0,    0,    0,  160,   36,   33,    0,   18,  230,  230,  230,  230,  230,  230,  174,
   192,  126,  230,  230],
 [ -96,    0,    0,    0,    0,    0,    0,    0,    0,  -72,    0,    0,    0,    0,    0,    0,
     0,    0,    0,    0,    0,   -2,    0,    0,   -4,    0,    0,    0,    0,    0,    6,    0,
     0,    0,    0,    0,  800,   37,   29,    0,   18,  230,  230,  230,  230,  230,  230,  230,
   230,  126,  230,  230]]