[[ 259,    0,   20,   24,   40,    0,    0,   35,    0,  287,   26,    0,    3,    0,    1,    0,
     0,    0,    0,    0,    0,    5,   -1,    0,   -4,    0,   -2,    0,    0,    0,    6,    0,
     6,    6,    6,    0,  1440,   30,   63,    0,   22,  230,   40,   58,   76,  230,  230,  166,
   230,  130,  148,  230],
 [ 451,    0,    0,  216,  232,    0,    0,  227,    0,  479,    0,    0,    3,    0,    0,    0,
     0,    0,    0,    0,    0,    5,    0,    0,   -4,    0,    0,    0,    0,    0,    6,    0,
     0,    6,    6,    0,  1248,   30,   45,    0,   22,  230,  230,   58,   76,  230,  230,  166,
   230,  130,  230,  230],
 [ 547,    0,    0,    0,  328,    0,    0,  323,    0,  575,    0,    0,    3,    0,    0,    0,
     0,    0,    0,    0,    0,    5,    0,    0,   -4,    0,    0,    0,    0,    0,    6,    0,
     0,    0,    6,    0,  1152,   30,   33,    0,   22,  230,  230,  230,   76,  230,  230,  166,
   230,  130,  230,  230],
 [-285,    0,    0,    0, -504,    0,    0,    0,    0, -257,    0,    0,    3,    0,    0,    0,
     0,    0,    0,    0,    0,    5,    0,    0,   -4,    0,    0,    0,    0,    0,    6,    0,
     0,    0,    6,    0,  1984,   30,   30,    0,   22,  230,  230,  230,   76,  230,  230,  230,
   230,  130,  230,  230]]