[[-251,    0,   -3,  104,  135,    0,    0,    0,  139,    0,  -31, -356,    0,    0,    0,    0,
     0,    0,    0,    0,    0,    0,    0,    1,    6,    0,    2,    2,    1,   22,    6,    0,
     5,    4,    6,    6, -944,    7,   61,    0,    0,  230,   36,   54,   72,  230,  230,  230,
   180,  230,  144,  216],
 [ 421,    0,    0,    0,    0,    0,    0,    0,    0,    0,    0,  316,    0,    0,    0,    0,
     0,    0,    0,    0,    0,    0,    0,    0,    6,    0,    0,    0,    0,   22,    6,    0,
     0,    0,    0,    6, -1616,    8,   33,    0,    0,  230,  230,  230,  230,  230,  230,  230,
   230,  230,  230,  216],
 [ 149,    0,    0,    0,    0,    0,    0,    0,    0,    0,    0,   44,    0,    0,    0,    0,
     0,    0,    0,    0,    0,    0,    0,    0,    6,    0,    0,    0,    0,   22,    6,    0,
     0,    0,    0,    6, -1344,    8,   33,    0,    0,  230,  230,  230,  230,  230,  230,  230,
   230,  230,  230,  216],
 [  53,    0,    0,    0,    0,    0,    0,    0,    0,    0,    0,  -52,    0,    0,    0,    0,
     0,    0,    0,    0,    0,    0,    0,    0,    6,    0,    0,    0,    0,   22,    6,    0,
     0,    0,    0,    6, -1248,    8,   33,    0,    0,  230,  230,  230,  230,  230,  230,  230,
   230,  230,  230,  216]]