[[   0,  124,    0,  188,  192,  128,    0,  193,  193,    0,    0,    0,    0,    0,    0,    0,
     0,    3,    0,    0,    3,    0,    0,    0,    0,    4,    0,    0,    0,    0,    0,    6,
     0,    6,    6,    0,   80,   50,   61,    0,  230,   10,  230,   64,   82,  118,  230,  173,
   190,  230,  230,  230],
 [   0,  -36,    0,   28,   32,  -32,    0,   33,   33,    0,    0,    0,    0,    0,    0,    0,
     0,    3,    0,    0,    3,    0,    0,    0,    0,    4,    0,    0,    0,    0,    0,    6,
     0,    6,    6,    0,  240,   50,   61,    0,  230,   10,  230,   64,   82,  118,  230,  173,
   190,  230,  230,  230],
 [   0,  252,    0,    0,  320,  256,    0,   49,  321,    0,    0,    0,    0,    0,    0,    0,
     0,    3,    0,    0,    3,    0,    0,    0,    0,    4,    0,    0,    0,    0,    0,    6,
     0,    0,    6,    0,  -48,   50,   53,    0,  230,   10,  230,  230,   82,  118,  230,  172,
   190,  230,  230,  230],
 [   0,    0,    0,   60,   64,    0,   28,   65,   65,    0,    0,    0,    0,    0,    0,    0,
     0,    3,    5,    0,    3,    0,    0,    0,    0,    0,    0,    0,    0,    0,    0,    0,
     0,    6,    6,    0,  208,   50,   52,    0,  230,  230,  230,   64,   82,  118,  154,  173,
   190,  230,  230,  230]]