[[   0,   32,    0,   30,   38,   40,   40,   76,  144,    0,    0,    0,    0,    1,    0,    0,
     1,    5,    5,    1,    1,    0,    0,    0,    0,    1,    0,    0,   -7,    0,    0,    6,
     0,    6,    6,    0, -1792,   51,   62,    0,  230,   92,  230,  102,  106,  200,  206,  210,
   214,  230,  230,  230],
 [   0,    0,    0,   -2,    6,    8,    8,    8,    8,    0,    0,    0,    0,    1,    0,    0,
     1,    5,    5,    1,    1,    0,    0,    0,    0,    1,    0,    0,   -7,    0,    0,    6,
     0,    6,    6,    0, -1760,   51,   62,    0,  230,   92,  230,  102,  106,  200,  206,  211,
   215,  230,  230,  230],
 [   2,    0,    0,   -2,    6,    8,    0,    8,    8,    6,    0,    0,    2,    1,    0,    0,
     1,    5,    0,    1,    1,    0,    0,    0,    0,    1,    0,    0,   -7,    0,    5,    6,
     0,    6,    6,    0, -1760,   51,   61,    0,   90,   92,  230,  102,  106,  200,  230,  211,
   215,  198,  230,  230],
 [ 226,  224,    0,  222,  230,    0,    0,  232,  232,    0,    0,    0,    2,    1,    0,    0,
     1,    0,    0,    1,    1,    0,    0,    0,    0,    1,    0,    0,   -7,    0,    5,    6,
     0,    6,    6,    0, -1984,   51,   59,    0,   90,   92,  230,  102,  106,  230,  230,  211,
   215,  230,  230,  230]]