[[   0, -152,  -14,   34,   50,    0,  -40,   36,   52,    0,    0,    0,    0,    1,    0,   -1,
     0,    0,    4,   -4,    0,    0,    0,    0,    0,    8,    3,    2,    1,    0,    0,    6,
     6,    6,    4,    0, -240,   64,   63,    0,  230,    8,   44,   64,   82,  230,  152,  172,
   190,  230,  230,  230],
 [   0,  -88,    0,    0,    0,    0,   24,    0,    0,    0,    0,    0,    0,   -3,    0,    0,
     0,    0,    0,    0,    0,    0,    0,    0,    0,    8,    0,    0,    0,    0,    0,    6,
     0,    0,    0,    0, -304,   68,   52,    0,  230,    8,  230,  230,  230,  230,  152,  230,
   230,  230,  230,  230],
 [   0,   56,    0,    0,  258,    0,    0,  244,  260,    0,    0,    0,    0,    1,    0,    0,
     0,    0,    0,   -4,    0,    0,    0,    0,    0,    8,    0,    0,    1,    0,    0,    6,
     0,    0,    4,    0, -448,   64,   49,    0,  230,    8,  230,  230,   82,  230,  230,  172,
   190,  230,  230,  230],
 [   0,  152,    0,    0,    0,    0,    0,    0,  356,    0,    0,    0,    0,    1,    0,    0,
     0,    0,    0,    0,    0,    0,    0,    0,    0,    8,    0,    0,    0,    0,    0,    6,
     0,    0,    0,    0, -544,   64,   44,    0,  230,    8,  230,  230,  230,  230,  230,  230,
   190,  230,  230,  230]]