[[ -82,    0,    0,   32,   35,    0,    0,   37,   31, -118,   17, -139,    0,    0,    0,    0,
     0,    0,    0,    0,    1,    1,   -2,    2,    3,    0,    0,    0,    1,   11,    6,    0,
     0,    5,    6,    5, -880,   20,   62,    0,    0,  230,  230,   54,   72,  230,  230,  163,
   180,  108,  144,  216],
 [ 414,    0,    0,    0,    0,    0,    0,    0,    0,  378,    0,  357,    0,    0,    0,    0,
     0,    0,    0,    0,    0,    0,    0,    1,    3,    0,    0,    0,    0,   11,    6,    0,
     0,    0,    0,    5, -1376,   21,   38,    0,    0,  230,  230,  230,  230,  230,  230,  230,
   230,  108,  230,  216],
 [  46,    0,    0,    0,    0,    0,    0,    0,    0,   10,    0,  -11,    0,    0,    0,    0,
     0,    0,    0,    0,    0,    0,    0,    1,    3,    0,    0,    0,    0,   11,    6,    0,
     0,    0,    0,    5, -1008,   21,   38,    0,    0,  230,  230,  230,  230,  230,  230,  230,
   230,  108,  230,  216],
 [   0,    0,    0,    0,    0,    0,    0,    0,    0,  506,    0,  485,    0,    0,    0,    0,
     0,    0,    0,    0,    0,   -1,    0,    0,    0,    0,    0,    0,    0,   11,    0,    0,
     0,    0,    0,    5, -1504,   22,   26,    0,  230,  230,  230,  230,  230,  230,  230,  230,
   230,  108,  230,  216]]