[[ -69,    0,   16,   40,   40,    0,    0,   35,    0,    0,   11, -120,   -1,    0,   -1,    0,
     0,    0,    0,    0,    0,    0,    1,    0,    0,    0,    0,    0,    0,   10,    6,    0,
     6,    6,    6,    6, -1216,   12,   63,    0,    0,  230,   36,   54,   72,  230,  230,  162,
   230,  230,  144,  216],
 [   0,    0,    0,  104,  104,    0,    0,   99,    0,    0,    0,    0,    0,    0,    0,    0,
     0,    0,    0,    0,    0,    0,    0,    0,    0,    0,    0,    0,    0,    0,    0,    0,
     0,    6,    6,    0, -1280,   12,   40,    0,  230,  230,  230,   54,   72,  230,  230,  162,
   230,  230,  230,  230],
 [ 443,    0,    0,    0,    0,    0,    0,    0,    0,    0,    0,  392,    0,    0,    0,    0,
     0,    0,    0,    0,    0,    0,    0,    1,    0,    0,    0,    0,    0,   10,    6,    0,
     0,    0,    0,    6, -1728,   11,   28,    0,    0,  230,  230,  230,  230,  230,  230,  230,
   230,  230,  230,  216],
 [  43,    0,    0,    0,    0,    0,    0,    0,    0,    0,    0,   -8,    0,    0,    0,    0,
     0,    0,    0,    0,    0,    0,    0,    1,    0,    0,    0,    0,    0,   10,    6,    0,
     0,    0,    0,    6, -1328,   11,   28,    0,    0,  230,  230,  230,  230,  230,  230,  230,
   230,  230,  230,  216]]