[[ 355,    0,   10,  168,  495,    0,    0,  316,    0,  409,  -22,    0,    3,    0,    0,    0,
     1,    0,    0,    0,    0,    5,    0,    0,   -9,    0,    2,    8,   12,    0,    6,    0,
     6,    4,    5,    0,  304,   40,   63,    0,   18,  230,   38,   56,   84,  230,  230,  174,
   230,  126,  146,  230],
 [ 403,    0,    0,  216,    0,    0,    0,    0,    0,  457,   26,    0,    3,    0,    0,    0,
     0,    0,    0,    0,    0,    5,    0,    0,   -9,    0,    0,    8,    0,    0,    6,    0,
     0,    4,    0,    0,  256,   40,   40,    0,   18,  230,  230,   56,  230,  230,  230,  230,
   230,  126,  146,  230],
 [  19,    0,    0,    0,    0,    0,    0,  -20,    0,   73,    0,    0,    3,    0,    0,    0,
     0,    0,    0,    0,    0,    5,    0,    0,   -9,    0,    0,    0,    0,    0,    6,    0,
     0,    0,    0,    0,  640,   40,   30,    0,   18,  230,  230,  230,  230,  230,  230,  174,
   230,  126,  230,  230],
 [-125,    0,    0,    0,   15,    0,    0,    0,    0,  -71,    0,    0,    2,    0,    0,    0,
     0,    0,    0,    0,    0,    4,    0,    0,   -9,    0,    0,    0,   12,    0,    6,    0,
     0,    0,    5,    0,  784,   41,   30,    0,   18,  230,  230,  230,   84,  230,  230,  230,
   230,  126,  230,  230]]