[[ 336,    0,    8,    0,  -32,    0,    0,  -39,  -20,  371,   25,    0,    3,    0,    2,    0,
     0,    0,    0,    0,    3,    4,    4,    0,   -4,    0,    0,    0,    0,    0,    6,    0,
     6,    0,    6,    0, -944,   41,   62,    0,    2,  230,   36,  230,   78,  230,  230,  168,
   186,  110,  144,  230],
 [ 496,    0,    0,    0,  128,    0,    0,  121,  140,  531,    0,    0,    3,    0,    0,    0,
     0,    0,    0,    0,    3,    4,    0,    0,   -4,    0,    0,    0,    0,    0,    6,    0,
     0,    0,    6,    0, -1104,   41,   56,    0,    2,  230,  230,  230,   78,  230,  230,  168,
   186,  110,  230,  230],
 [   0,    0,    0,    0, -144,    0,    0, -151, -132,    0,    0,    0,    0,    0,    0,    0,
     0,    0,    0,    0,    3,    0,    0,    0,    0,    0,    0,    0,    0,    0,    0,    0,
     0,    0,    6,    0, -832,   41,   53,    0,  230,  230,  230,  230,   78,  230,  230,  168,
   186,  230,  230,  230],
 [   0,    0,    0,    0,  272,    0,    0,  265,  284,    0,    0,    0,    0,    0,    0,    0,
     0,    0,    0,    0,    3,    0,    0,    0,    0,    0,    0,    0,    0,    0,    0,    0,
     0,    0,    6,    0, -1248,   41,   34,    0,  230,  230,  230,  230,   78,  230,  230,  168,
   186,  230,  230,  230]]