[[ 289,    0,    8,    0,  -12,    0,    0,  -15,  -15,  316,   37,    0,    0,    0,    0,    0,
     0,    0,    0,   -2,    1,    2,    2,    0,   -4,    0,    0,    0,    0,    0,    6,    0,
     6,    0,    6,    0,  1488,   43,   63,    0,   22,  230,   40,  230,   86,  230,  230,  176,
   194,  130,  148,  230],
 [   0,    0,    0,    0,   68,    0,    0,   65,   65,    0,    0,    0,    0,    0,    0,    0,
     2,    0,    0,    0,    3,    0,    0,    0,    0,    0,    0,    0,    0,    0,    0,    0,
     0,    0,    6,    0,  1408,   41,   34,    0,  230,  230,  230,  230,   86,  230,  230,  176,
   194,  230,  230,  230],
 [   0,    0,    0,    0, -108,    0,    0, -111, -111,    0,    0,    0,    0,    0,    0,    0,
     2,    0,    0,    0,    3,    0,    0,    0,    0,    0,    0,    0,    0,    0,    0,    0,
     0,    0,    6,    0,  1584,   41,   34,    0,  230,  230,  230,  230,   86,  230,  230,  176,
   194,  230,  230,  230],
 [ 545,    0,    0,    0,  244,    0,    0,  241,  241,  572,    0,    0,    2,    0,    0,    0,
     2,    0,    0,    0,    3,    4,    0,    0,   -4,    0,    0,    0,    0,    0,    6,    0,
     0,    0,    6,    0,  1232,   41,   25,    0,   22,  230,  230,  230,   86,  230,  230,  176,
   194,  130,  230,  230]]