[[-236,    0,    0,  113,  130,    0,    0,  122,  139, -264,   21, -299,    2,    0,    0,    1,
     0,    0,    0,    1,    0,    2,    0,    4,    6,    0,    0,    0,   -2,   22,    5,    0,
     0,    6,    4,    6,  -96,   19,   62,    0,    2,  230,  230,   56,   74,  230,  230,  164,
   182,  110,  146,  218],
 [-204,    0,    0,    0,  162,    0,    0,    0,    0, -232,    0, -267,    2,    0,    0,    0,
     0,    0,    0,    0,    0,    2,    0,    4,    6,    0,    0,    0,   -2,   22,    5,    0,
     0,    0,    4,    6, -128,   19,   40,    0,    2,  230,  230,  230,   74,  230,  230,  230,
   230,  110,  230,  218],
 [ 420,    0,    0,    0,    0,    0,    0,    0,    0,  392,    0,  357,    0,    0,    0,    0,
     0,    0,    0,    0,    0,    0,    0,    2,    6,    0,    0,    0,    0,   22,    5,    0,
     0,    0,    0,    6, -752,   21,   38,    0,    2,  230,  230,  230,  230,  230,  230,  230,
   230,  110,  230,  218],
 [  52,    0,    0,    0,    0,    0,    0,    0,    0,   24,    0,  -11,    0,    0,    0,    0,
     0,    0,    0,    0,    0,    0,    0,    2,    6,    0,    0,    0,    0,   22,    5,    0,
     0,    0,    0,    6, -384,   21,   38,    0,    2,  230,  230,  230,  230,  230,  230,  230,
   230,  110,  230,  218]]