[[  26,    0,    8,    8,    0,    0,    0,    7,   14,   28,   14,   31,   -1,    0,    0,    0,
     0,    0,    0,    0,    0,   -1,   -1,    3,    0,    0,    0,    0,   -4,   -2,    6,    0,
     6,    6,    6,    6,  400,   19,   63,    0,   18,  230,   38,   56,   74,  230,  230,  164,
   182,  126,  146,  222],
 [   0,    0,    0,  104,   96,    0,    0,  103,  110,    0,    0,    0,    0,    0,    0,    0,
     0,    0,    0,    0,    0,    0,    0,    0,    0,    0,    0,    0,   -4,    0,    0,    0,
     0,    6,    6,    0,  304,   19,   40,    0,  230,  230,  230,   56,   74,  230,  230,  164,
   182,  230,  230,  230],
 [   0,    0,    0,    0,  128,    0,    0,  135,  142,    0,    0,    0,    0,    0,    0,    0,
     0,    0,    0,    0,    0,    0,    0,    0,    0,    0,    0,    0,   -4,    0,    0,    0,
     0,    0,    6,    0,  272,   19,   24,    0,  230,  230,  230,  230,   74,  230,  230,  164,
   182,  230,  230,  230],
 [ 202,    0,    0,    0,  176,    0,    0,    0,    0,  204,    0,  207,   -1,    0,    0,    0,
     0,    0,    0,    0,    0,   -1,    0,    3,    0,    0,    0,    0,   -4,   -2,    6,    0,
     0,    0,    6,    6,  224,   19,   23,    0,   18,  230,  230,  230,   74,  230,  230,  230,
   230,  126,  230,  222]]