[[ 265,  224,    0,  196,  197,  218,    0,  246,  199,  264,    0,    0,   -1,    2,    0,    1,
     2,    6,    0,    0,    3,    1,    0,    0,   12,    0,    0,    0,    4,    0,    6,    6,
     0,    6,    6,    0, -864,   50,   63,    0,    2,    8,  230,   62,   80,  116,  230,  170,
   188,  110,  230,  230],
 [   0,  160,    0,  132,  133,  154,    0,  182,  135,    0,    0,    0,    0,    2,    0,    1,
     2,    6,    0,    0,    3,    0,    0,    0,    0,    0,    0,    0,    4,    0,    0,    6,
     0,    6,    6,    0, -800,   50,   61,    0,  230,    8,  230,   62,   80,  116,  230,  170,
   188,  230,  230,  230],
 [   0,  -16,    0,  -44,  -43,  -22,    0,    6,  -41,    0,    0,    0,    0,    2,    0,    1,
     2,    6,    0,    0,    3,    0,    0,    0,    0,    0,    0,    0,    4,    0,    0,    6,
     0,    6,    6,    0, -624,   50,   61,    0,  230,    8,  230,   62,   80,  116,  230,  170,
   188,  230,  230,  230],
 [   0,   48,    0,   20,   21,   42,   32,   70,   23,    0,    0,    0,    0,    1,    0,    0,
     1,    5,    4,   -1,    2,    0,    0,    0,    0,    0,    0,    0,    4,    0,    0,    6,
     0,    6,    6,    0, -688,   51,   61,    0,  230,    8,  230,   62,   80,  116,  152,  170,
   188,  230,  230,  230]]