[[ 285,    0,    8,  120,    0,    0,    0,  232,    0,  399,    4,    0,    4,    0,    1,    0,
     0,    0,    0,    0,    0,    5,    3,    0,   -8,    0,    0,    4,    0,    0,    6,    0,
     6,    6,    0,    0, -288,   27,   58,    0,    4,  230,   36,   56,  230,  230,  230,  164,
   230,  112,  144,  230],
 [ 333,    0,    0,  168,    0,    0,    0,    0,    0,  447,   52,    0,    4,    0,    0,    0,
     0,    0,    0,    0,    0,    5,    3,    0,   -8,    0,    0,    4,    0,    0,    6,    0,
     0,    6,    0,    0, -336,   27,   51,    0,    4,  230,  230,   56,  230,  230,  230,  230,
   230,  112,  144,  230],
 [  45,    0,    0,    0,    0,    0,    0,   -8,    0,  159,    0,    0,    4,    0,    0,    0,
     0,    0,    0,    0,    0,    5,    0,    0,   -8,    0,    0,    0,    0,    0,    6,    0,
     0,    0,    0,    0,  -48,   27,   13,    0,    4,  230,  230,  230,  230,  230,  230,  164,
   230,  112,  230,  230],
 [ 461,    0,    0,    0,    0,    0,    0,    0,    0,  575,    0,    0,    0,    0,    0,    0,
     0,    0,    0,    0,    0,    1,    0,    0,   -8,    0,    0,    0,    0,    0,    6,    0,
     0,    0,    0,    0, -464,   31,   10,    0,    4,  230,  230,  230,  230,  230,  230,  230,
   230,  112,  230,  230]]