[[ 123,    0,    8,  -17,  -35,    0,    0,  -37,  -37,    0,   27,  141,    1,    0,    0,    0,
     0,    0,    0,   -1,    0,    0,    1,    2,    0,    0,    0,    1,   -2,   -6,    4,    0,
     5,    5,    6,    6,  1776,   11,   63,    0,   22,  230,   40,   58,   76,  230,  230,  166,
   184,  230,  148,  226],
 [ 187,    0,    0,   47,   29,    0,    0,   27,   27,    0,    0,  205,    1,    0,    0,    0,
     0,    0,    0,   -1,    0,    0,    0,    2,    0,    0,    0,    1,   -2,   -6,    4,    0,
     0,    5,    6,    6,  1712,   11,   48,    0,   22,  230,  230,   58,   76,  230,  230,  166,
   184,  230,  230,  226],
 [ 235,    0,    0,    0,   77,    0,    0,   75,   75,    0,    0,  253,    1,    0,    0,    0,
     0,    0,    0,   -1,    0,    0,    0,    2,    0,    0,    0,    0,   -2,   -6,    4,    0,
     0,    0,    6,    6,  1664,   11,   36,    0,   22,  230,  230,  230,   76,  230,  230,  166,
   184,  230,  230,  226],
 [ 299,    0,    0,    0,  141,    0,    0,    0,  139,    0,    0,  317,    1,    0,    0,    0,
     0,    0,    0,    0,    0,    0,    0,    2,    0,    0,    0,    0,   -2,   -6,    4,    0,
     0,    0,    6,    6,  1600,   11,   34,    0,   22,  230,  230,  230,   76,  230,  230,  230,
   184,  230,  230,  226]]