[[  49,    0,    8,    0,    0,    0,    0,    4,   12,   54,    9,   59,   -1,    0,    0,    0,
     0,    0,    0,    0,    1,    2,    0,    4,    0,    0,    0,    0,    0,   -3,    6,    0,
     6,    6,    6,    6,  1984,   19,   63,    0,   22,  230,   40,   58,   76,  230,  230,  166,
   184,  130,  148,  226],
 [ 129,    0,    0,    0,   80,    0,    0,   84,   92,    0,    0,  164,   -1,    0,    0,    0,
     0,    0,    0,    0,    1,    0,    0,   -2,    0,    0,    0,    0,    0,  -12,    6,    0,
     0,    0,    6,    4,  1904,   19,   43,    0,   22,  230,  230,  230,   76,  230,  230,  166,
   184,  230,  230,  227],
 [   0,    0,    0,  112,  112,    0,    0,  116,  124,    0,    0,    0,    0,    0,    0,    0,
     0,    0,    0,    0,    1,    0,    0,    0,    0,    0,    0,    0,    0,    0,    0,    0,
     0,    6,    6,    0,  1872,   19,   40,    0,  230,  230,  230,   58,   76,  230,  230,  166,
   184,  230,  230,  230],
 [-175,    0,    0,    0,    0,    0,    0,    0,    0,    0,    0, -165,    0,    0,    0,    0,
     0,    0,    0,    0,    0,    0,    0,    5,    0,    0,    0,    0,    0,   -3,    6,    0,
     0,    0,    0,    6,  2208,   18,   28,    0,   22,  230,  230,  230,  230,  230,  230,  230,
   230,  230,  230,  226]]