[[   0,  -90,    8,   -5,    0,    0,    0,  -16,  -56,    0,    0,    0,    0,    3,    2,    0,
     0,    0,    0,   -4,    0,    0,    0,    0,    0,    6,    0,   -3,    0,    0,    0,    4,
     6,    5,    0,    0, -160,   64,   62,    0,  230,    8,   46,   64,  230,  230,  154,  172,
   190,  230,  230,  230],
 [   0,  -58,    0,   27,    0,    0,   32,   16,  -24,    0,    0,    0,    0,    3,    0,    0,
     0,    0,    0,   -4,    0,    0,    0,    0,    0,    6,    0,   -3,    0,    0,    0,    4,
     0,    5,    0,    0, -192,   64,   60,    0,  230,    8,  230,   64,  230,  230,  154,  172,
   190,  230,  230,  230],
 [   0,   88,    0,  139,    0,    0,    0,  128,   88,    0,    0,    0,    0,    2,    0,    0,
     0,    0,    0,   -4,    0,    0,    0,    0,    0,    5,    0,   -3,    0,    0,    0,    6,
     0,    5,    0,    0, -304,   64,   50,    0,  230,   10,  230,   64,  230,  230,  230,  172,
   190,  230,  230,  230],
 [   0,  150,    0,    0,    0,    0,    0,  224,  184,    0,    0,    0,    0,    7,    0,    0,
     0,    0,    0,    0,    4,    0,    0,    0,    0,    6,    0,    0,    0,    0,    0,    4,
     0,    0,    0,    0, -400,   60,   49,    0,  230,    8,  230,  230,  230,  230,  230,  172,
   190,  230,  230,  230]]