[[ -95,    0,   16,   16,  -24,    0,    0,   -3,  -34, -130,    8, -155,    1,    0,    1,    0,
     0,    0,    0,    1,    1,    4,   -1,    4,    4,    0,    0,    0,    0,   13,    6,    0,
     6,    6,    6,    6,  128,   13,   63,    0,    4,  230,   38,   56,   74,  230,  230,  164,
   183,  112,  146,  220],
 [-159,    0,    0,  -48,  -88,    0,    0,  -67,  -98, -194,  -56, -219,    1,    0,    0,    0,
     0,    0,    0,    1,    1,    4,   -1,    4,    4,    0,    0,    0,    0,   13,    6,    0,
     0,    6,    6,    6,  192,   13,   62,    0,    4,  230,  230,   56,   74,  230,  230,  164,
   183,  112,  146,  220],
 [   0,    0,    0,    0,   40,    0,    0,   61,   30,    0,    0,  -91,    0,    0,    0,    0,
     0,    0,    0,    1,    1,    0,    0,    4,    0,    0,    0,    0,    0,   13,    0,    0,
     0,    0,    6,    6,   64,   13,   54,    0,  230,  230,  230,  230,   74,  230,  230,  164,
   183,  230,  230,  220],
 [   0,    0,    0,  112,   72,    0,    0,   93,   18,    0,    0,    0,    0,    0,    0,    0,
     0,    0,    0,    1,    0,    0,    0,    0,    0,    0,    0,    0,    0,    0,    0,    0,
     0,    6,    6,    0,   32,   13,   40,    0,  230,  230,  230,   56,   74,  230,  230,  164,
   182,  230,  230,  230]]