[[-383,    0,   12,    0,   -9,    0,    0,    4,  -24, -434,    3,    0,    6,    0,    1,    0,
     0,    0,    0,   -4,    0,    7,    2,    0,    8,    0,    2,    0,   -3,    0,    6,    0,
     6,    0,    6,    0,  1056,   44,   63,    0,   18,  230,   40,  230,   86,  230,  230,  176,
   194,  126,  148,  230],
 [-351,    0,    0,    0,   23,    0,    0,   36,    8, -402,   35,    0,    6,    0,    0,    0,
     0,    0,    0,   -4,    0,    7,    2,    0,    8,    0,    0,    0,   -3,    0,    6,    0,
     0,    0,    6,    0,  1024,   44,   49,    0,   18,  230,  230,  230,   86,  230,  230,  176,
   194,  126,  148,  230],
 [-319,    0,    0,    0,   55,    0,    0,   68,   40, -370,    0,    0,    6,    0,    0,    0,
     0,    0,    0,   -4,    0,    7,    0,    0,    8,    0,    0,    0,   -3,    0,    6,    0,
     0,    0,    6,    0,  992,   44,   39,    0,   18,  230,  230,  230,   86,  230,  230,  176,
   194,  126,  230,  230],
 [ 577,    0,    0,    0,    0,    0,    0,    0,    0,  526,    0,    0,    0,    0,    0,    0,
     0,    0,    0,    0,    0,    1,    0,    0,    8,    0,    0,    0,    0,    0,    6,    0,
     0,    0,    0,    0,   96,   50,   29,    0,   18,  230,  230,  230,  230,  230,  230,  230,
   230,  126,  230,  230]]