[[ 168,    0,    0,    0,    0,    0,    0,    8,    2,    0,   66,  215,    0,    0,    0,    0,
     0,    0,    0,    0,    0,    0,    2,    3,   -4,    0,    0,    0,    0,  -11,    6,    0,
     0,    0,    0,    6,  192,    5,   58,    0,    4,  230,  230,  230,  230,  230,  230,  164,
   182,  230,  146,  222],
 [ 232,    0,    0,    0,    0,    0,    0,   72,   66,    0,    0,  279,    0,    0,    0,    0,
     0,    0,    0,    0,    0,    0,    0,    3,   -4,    0,    0,    0,    0,  -11,    6,    0,
     0,    0,    0,    6,  128,    5,   43,    0,    4,  230,  230,  230,  230,  230,  230,  164,
   182,  230,  230,  222],
 [ 440,    0,    0,    0,    0,    0,    0,    0,    0,    0,    0,  487,    0,    0,    0,    0,
     0,    0,    0,    0,    0,    0,    0,    3,   -4,    0,    0,    0,    0,  -11,    6,    0,
     0,    0,    0,    6,  -80,    5,   28,    0,    4,  230,  230,  230,  230,  230,  230,  230,
   230,  230,  230,  222],
 [   0,    0,    0,    0,    0,    0,    0,  120,  114,    0,    0,    0,    0,    0,    0,    0,
     0,    0,    0,    0,    0,    0,    0,    0,    0,    0,    0,    0,    0,    0,    0,    0,
     0,    0,    0,    0,   80,    5,   24,    0,  230,  230,  230,  230,  230,  230,  230,  164,
   182,  230,  230,  230]]