[[ 272,    0,    0,  188,  180,    0,    0,  180,  180,  281,    0,    0,    2,    0,    0,    2,
     2,    0,    0,    6,    0,    1,    0,    0,    0,    0,    0,    0,    0,    0,    6,    0,
     0,    6,    6,    0,  336,   44,   63,    0,   18,  230,  230,   66,   84,  230,  230,  174,
   192,  126,  230,  230],
 [  80,    0,   16,   -4,  -12,    0,    0,  -12,  -12,   89,   17,    0,    1,    0,    2,    1,
     1,    0,    0,    5,   -1,    0,    0,    0,    0,    0,   -4,    0,    0,    0,    6,    0,
     6,    6,    6,    0,  528,   45,   62,    0,   18,  230,   38,   66,   84,  230,  230,  174,
   192,  126,  146,  230],
 [   0,    0,    0,  124,  116,    0,    0,  116,  116,    0,    0,    0,    0,    0,    0,    2,
     2,    0,    0,    6,    0,    0,    0,    0,    0,    0,    0,    0,    0,    0,    0,    0,
     0,    6,    6,    0,  400,   44,   61,    0,  230,  230,  230,   66,   84,  230,  230,  174,
   192,  230,  230,  230],
 [   0,    0,    0,  -84,  -92,    0,    0,  -92,  -92,    0,    0,    0,    0,    0,    0,    2,
     2,    0,    0,    6,    0,    0,    0,    0,    0,    0,    0,    0,    0,    0,    0,    0,
     0,    6,    6,    0,  608,   44,   61,    0,  230,  230,  230,   66,   84,  230,  230,  174,
   192,  230,  230,  230]]