[[   0,  100,    8,    1,   17,   96,   24,    4,   24,    0,    0,    0,    0,    3,    2,    0,
    -1,   -6,    6,   -2,    2,    0,    0,    0,    0,   -7,    0,    1,    3,    0,    0,    5,
     5,    5,    4,    0,  1600,   62,   63,    0,  230,   28,   52,   70,   88,  136,  160,  178,
   196,  230,  230,  230],
 [   0,  164,    0,   65,   81,  160,    0,   68,   88,    0,    0,    0,    0,    4,    0,    1,
     0,   -5,    0,   -1,    3,    0,    0,    0,    0,   -7,    0,    1,    3,    0,    0,    5,
     0,    5,    4,    0,  1536,   61,   53,    0,  230,   28,  230,   70,   88,  136,  230,  178,
   196,  230,  230,  230],
 [   0,  -28,    0, -127, -111,  -32,    0, -124, -104,    0,    0,    0,    0,    4,    0,    1,
     0,   -5,    0,   -1,    3,    0,    0,    0,    0,   -7,    0,    1,    3,    0,    0,    5,
     0,    5,    4,    0,  1728,   61,   53,    0,  230,   28,  230,   70,   88,  136,  230,  178,
   196,  230,  230,  230],
 [   0,  196,    0,   97,  113,    0,    0,  100,  120,    0,    0,    0,    0,    4,    0,    1,
     0,    0,    0,   -1,    3,    0,    0,    0,    0,   -7,    0,    1,    3,    0,    0,    5,
     0,    5,    4,    0,  1504,   61,   21,    0,  230,   28,  230,   70,   88,  230,  230,  178,
   196,  230,  230,  230]]