[[  54,    0,    2,    0,    4,    0,    0,   12,    4,   68,    9,    0,    0,    0,    0,    0,
     1,    0,    0,    0,    4,    2,    0,    0,   -3,    0,   -1,    0,    0,    0,    6,    0,
     5,    4,    6,    0,   64,   40,   63,    0,    4,  230,   38,   56,   82,  230,  230,  172,
   190,  112,  146,  230],
 [ 278,    0,    0,  224,  228,    0,    0,  236,  228,  292,    0,    0,    0,    0,    0,    0,
     1,    0,    0,    0,    4,    2,    0,    0,   -3,    0,    0,    0,    0,    0,    6,    0,
     0,    4,    6,    0, -160,   40,   61,    0,    4,  230,  230,   56,   82,  230,  230,  172,
   190,  112,  230,  230],
 [ 326,    0,    0,    0,  276,    0,    0,  284,  276,  340,    0,    0,    0,    0,    0,    0,
     0,    0,    0,   -1,    3,    1,    0,    0,   -3,    0,    0,    0,    0,    0,    6,    0,
     0,    0,    6,    0, -208,   41,   39,    0,    4,  230,  230,  230,   82,  230,  230,  172,
   190,  112,  230,  230],
 [ 374,    0,    0,    0,  324,    0,    0,  332,  324,  388,    0,    0,    0,    0,    0,    0,
     0,    0,    0,   -1,    3,    1,    0,    0,   -3,    0,    0,    0,    0,    0,    6,    0,
     0,    0,    6,    0, -256,   41,   33,    0,    4,  230,  230,  230,   82,  230,  230,  172,
   190,  112,  230,  230]]