[[ 104,    0,   16,    0,    8,    0,    0,    0,    0,  134,   21,    0,   -1,    0,    0,    0,
     0,    0,    0,    0,    0,    0,    2,    0,   -4,    0,    0,    0,    0,    0,    6,    0,
     6,    6,    6,    0, -1104,   32,   63,    0,    0,  230,   36,   54,   72,  230,  230,  230,
   230,  108,  145,  230],
 [ 296,    0,    0,  192,  200,    0,    0,  202,    0,  326,    0,    0,   -1,    0,    0,    0,
     0,    0,    0,    1,    0,    0,    0,    0,   -4,    0,    0,    0,    0,    0,    6,    0,
     0,    6,    6,    0, -1296,   32,   49,    0,    0,  230,  230,   54,   72,  230,  230,  162,
   230,  108,  230,  230],
 [   0,    0,    0,   96,  104,    0,    0,  106,    0,    0,    0,    0,    0,    0,    0,    0,
     0,    0,    0,    1,    0,    0,    0,    0,    0,    0,    0,    0,    0,    0,    0,    0,
     0,    6,    6,    0, -1200,   32,   47,    0,  230,  230,  230,   54,   72,  230,  230,  162,
   230,  230,  230,  230],
 [   0,    0,    0,  -96,  -88,    0,    0,  -86,    0,    0,    0,    0,    0,    0,    0,    0,
     0,    0,    0,    1,    0,    0,    0,    0,    0,    0,    0,    0,    0,    0,    0,    0,
     0,    6,    6,    0, -1008,   32,   47,    0,  230,  230,  230,   54,   72,  230,  230,  162,
   230,  230,  230,  230]]