[[ 189,    0,   16,   32,   80,    0,    0,   59,   96,    0,   27,  293,    1,    0,    1,    1,
     1,    0,    0,    0,    2,    0,   -1,    3,   -4,    0,    0,    0,    0,  -19,    6,    0,
     6,    6,    6,    6, -256,    9,   63,    0,    4,  230,   38,   56,   74,  230,  230,  164,
   182,  230,  146,  220],
 [   0,    0,    0,    0,  -64,    0,    0,  -85,  -48,    0,    0,  149,    0,    0,    0,    0,
     1,    0,    0,    0,    2,    0,    0,    3,    0,    0,    0,    0,    0,  -19,    0,    0,
     0,    0,    6,    6, -112,    9,   54,    0,  230,  230,  230,  230,   74,  230,  230,  164,
   182,  230,  230,  220],
 [   0,    0,    0,   96,  144,    0,    0,  123,  160,    0,    0,    0,    0,    0,    0,    1,
     1,    0,    0,    0,    2,    0,    0,    0,    0,    0,    0,    0,    0,    0,    0,    0,
     0,    6,    6,    0, -320,    9,   40,    0,  230,  230,  230,   56,   74,  230,  230,  164,
   182,  230,  230,  230],
 [ 445,    0,    0,    0,    0,    0,    0,    0,    0,    0,    0,  549,    0,    0,    0,    0,
     0,    0,    0,    0,    0,    0,    0,    2,   -4,    0,    0,    0,    0,  -19,    6,    0,
     0,    0,    0,    6, -512,   10,   28,    0,    4,  230,  230,  230,  230,  230,  230,  230,
   230,  230,  230,  220]]