[[   0, -124,   12,   -8,   -3, -101,    1,  -17,  -74,    0,    0,    0,    0,    4,    2,    0,
    -1,    3,    3,   -3,    1,    0,    0,    0,    0,    8,    4,   -4,    4,    0,    0,    6,
     6,    6,    6,    0,  2128,   53,   63,    0,  230,   28,   52,   70,   89,  136,  160,  178,
   196,  230,  230,  230],
 [   0,    0,    0,  184,  189,   91,    0,  175,  231,    0,    0,    0,    0,    0,    0,    3,
     0,    6,    0,    0,   -6,    0,    0,    0,    0,    0,    0,   -4,    4,    0,    0,    0,
     0,    6,    6,    0,  1936,   50,   61,    0,  230,  230,  230,   70,   89,  136,  230,  178,
   197,  230,  230,  230],
 [   0,    0,    0,   40,  -11,  -53,    0,   31,  -26,    0,    0,    0,    0,    0,    0,    3,
     0,    6,    0,    0,    4,    0,    0,    0,    0,    0,    0,   -4,   -4,    0,    0,    0,
     0,    6,    6,    0,  2080,   50,   61,    0,  230,  230,  230,   70,   88,  136,  230,  178,
   196,  230,  230,  230],
 [   0,  -92,    0,   24,  -27,  -69,   33,   15,  -42,    0,    0,    0,    0,    5,    0,    1,
     0,    4,    4,   -2,    2,    0,    0,    0,    0,    8,    0,   -4,   -4,    0,    0,    6,
     0,    6,    6,    0,  2096,   52,   61,    0,  230,   28,  230,   70,   88,  136,  160,  178,
   196,  230,  230,  230]]