[[ 326,    0,   16,  -40,  -88,    0,    0,  -68,  -99,    0,   60,  437,    2,    0,    1,    0,
     0,    0,    0,    0,    0,    0,    0,    5,   -4,    0,    0,    0,    0,  -26,    6,    0,
     6,    6,    6,    6,  1200,   12,   63,    0,   20,  230,   40,   58,   76,  230,  230,  166,
   184,  230,  148,  226],
 [ 422,    0,    0,   56,    8,    0,    0,   28,   -3,    0,    0,  533,    2,    0,    0,    0,
     0,    0,    0,    0,    0,    0,    0,    5,   -4,    0,    0,    0,    0,  -26,    6,    0,
     0,    6,    6,    6,  1104,   12,   50,    0,   20,  230,  230,   58,   76,  230,  230,  166,
   184,  230,  230,  226],
 [   0,    0,    0,  104,   56,    0,    0,   76,   45,    0,    0,    0,    0,    0,    0,    0,
     0,    0,    0,    0,    0,    0,    0,    0,    0,    0,    0,    0,    0,    0,    0,    0,
     0,    6,    6,    0,  1056,   12,   40,    0,  230,  230,  230,   58,   76,  230,  230,  166,
   184,  230,  230,  230],
 [ -42,    0,    0,    0,    0,    0,    0,    0,    0,    0,    0,   69,    0,    0,    0,    0,
     0,    0,    0,    0,    0,    0,    0,    3,   -4,    0,    0,    0,    0,  -26,    6,    0,
     0,    0,    0,    6,  1568,   14,   28,    0,   20,  230,  230,  230,  230,  230,  230,  230,
   230,  230,  230,  226]]