[[ -73,    0,   16,   32,   37,    0,    0,   30,    0,  -81,    5,  -92,    0,    0,    0,    0,
     0,    0,    0,    1,    0,    0,    1,    0,    0,    0,    0,    0,    1,    6,    6,    0,
     6,    5,    5,    6,  1952,   18,   63,    0,   22,  230,   40,   58,   76,  230,  230,  166,
   230,  130,  148,  226],
 [-185,    0,    0,    0,  -75,    0,    0,  -82,  -62, -193,    0, -204,    0,    0,    0,    0,
     0,    0,    0,    1,    0,    0,    0,    0,    0,    0,    0,    0,    1,    6,    6,    0,
     0,    0,    5,    6,  2064,   18,   47,    0,   22,  230,  230,  230,   76,  230,  230,  166,
   184,  130,  230,  226],
 [ 423,    0,    0,    0,    0,    0,    0,    0,    0,  415,    0,  404,    0,    0,    0,    0,
     0,    0,    0,    0,    0,    0,    0,    0,    0,    0,    0,    0,    0,    6,    6,    0,
     0,    0,    0,    6,  1456,   18,   38,    0,   22,  230,  230,  230,  230,  230,  230,  230,
   230,  130,  230,  226],
 [   0,    0,    0,    0,    0,    0,    0,    0,    0,  511,    0,  500,    0,    0,    0,    0,
     0,    0,    0,    0,    0,    0,    0,    0,    0,    0,    0,    0,    0,    6,    0,    0,
     0,    0,    0,    6,  1360,   18,   26,    0,  230,  230,  230,  230,  230,  230,  230,  230,
   230,  130,  230,  226]]