[[   0,    1,    8,    0,  -15,    4,   16,   -4,  -24,    0,    0,    0,    0,   -1,    0,    0,
     0,   -1,   -5,   -1,    3,    0,    0,    0,    0,    2,    0,    0,   -1,    0,    0,    6,
     6,    0,    6,    0, -192,   81,   62,    0,  230,   10,   46,  230,   82,  118,  154,  172,
   190,  230,  230,  230],
 [   0,  -31,  -24,    0,  -47,  -28,  -16,  -36,  -56,    0,    0,    0,    0,   -1,    0,    0,
     0,   -1,   -5,   -1,    3,    0,    0,    0,    0,    2,    0,    0,   -1,    0,    0,    6,
     6,    0,    6,    0, -160,   81,   62,    0,  230,   10,   46,  230,   82,  118,  154,  172,
   190,  230,  230,  230],
 [   0,   33,    0,    0,   17,   36,   48,   28,    8,    0,    0,    0,    0,   -1,    0,    0,
     0,   -1,   -5,   -1,    3,    0,    0,    0,    0,    2,    0,    0,   -1,    0,    0,    6,
     0,    0,    6,    0, -224,   81,   60,    0,  230,   10,  230,  230,   82,  118,  154,  172,
   190,  230,  230,  230],
 [   0,  161,    0,    0,  140,  164,    0,  156,  136,    0,    0,    0,    0,    0,    0,    0,
     0,    0,    0,    0,    4,    0,    0,    0,    0,    2,    0,    0,    0,    0,    0,    6,
     0,    0,    6,    0, -352,   80,   49,    0,  230,   10,  230,  230,   80,  118,  230,  172,
   190,  230,  230,  230]]