[[ 212,    0,   18,  -16,  -32,    0,    0,  -37,  -29,  262,    0,  294,   -2,    0,    0,    0,
     0,    0,    0,    0,    0,    0,    0,    5,   -4,    0,   -2,    0,    0,  -17,    4,    0,
     4,    6,    5,    6, -1488,   17,   63,    0,    0,  230,   96,  100,  104,  230,  230,  208,
   212,  108,  230,  216],
 [ 276,    0,    0,   48,   32,    0,    0,   27,   35,  326,    0,  358,   -2,    0,    0,    0,
     0,    0,    0,    0,    0,    0,    0,    5,   -4,    0,    0,    0,    0,  -17,    4,    0,
     0,    6,    5,    6, -1552,   17,   55,    0,    0,  230,  230,  100,  104,  230,  230,  208,
   212,  108,  230,  216],
 [ 324,    0,    0,    0,   80,    0,    0,   75,   83,  374,    0,  406,   -2,    0,    0,    0,
     0,    0,    0,    0,    0,    0,    0,    5,   -4,    0,    0,    0,    0,  -17,    4,    0,
     0,    0,    5,    6, -1600,   17,   47,    0,    0,  230,  230,  230,  104,  230,  230,  208,
   212,  108,  230,  216],
 [ 388,    0,    0,    0,  144,    0,    0,    0,  147,  438,    0,  470,   -2,    0,    0,    0,
     0,    0,    0,    0,    0,    0,    0,    5,   -4,    0,    0,    0,    0,  -17,    4,    0,
     0,    0,    5,    6, -1664,   17,   40,    0,    0,  230,  230,  230,  104,  230,  230,  230,
   212,  108,  230,  216]]