[[ -86,    0,    0,   27,   40,    0,    0,    0,   49,    0,  -16, -104,    0,    0,    0,    0,
     0,    0,    0,    0,    1,    0,    0,    4,    4,    0,    0,    2,    0,    7,    4,    0,
     5,    6,    5,    6,  960,   13,   61,    0,   18,  230,   40,   56,   76,  230,  230,  230,
   184,  230,  146,  222],
 [ 410,    0,    0,    0,    0,    0,    0,    0,    0,    0,    0,  392,    0,    0,    0,    0,
     0,    0,    0,    0,    0,    0,    0,    3,    4,    0,    0,    0,    0,    7,    4,    0,
     0,    0,    0,    6,  464,   14,   33,    0,   18,  230,  230,  230,  230,  230,  230,  230,
   230,  230,  230,  222],
 [   0,    0,    0,    0,    0,    0,    0,    0,    0,    0,    0,  536,    0,    0,    0,    0,
     0,    0,    0,    0,    0,    0,    0,    0,    0,    0,    0,    0,    0,    7,    0,    0,
     0,    0,    0,    6,  320,   17,   18,    0,  230,  230,  230,  230,  230,  230,  230,  230,
   230,  230,  230,  222],
 [   0,    0,    0,    0,    0,    0,    0,    0,    0,    0,    0,    0,    0,    0,    0,    0,
     0,    0,    0,    0,    0,    0,    0,    0,    0,    0,    0,    0,    0,    0,    0,    0,
     0,    0,    0,    0,    0,    0,    0,    0,  230,  230,  230,  230,  230,  230,  230,  230,
   230,  230,  230,  230]]