[[ 327,    0,   16,   -8,    0,    0,    0,    0,   44,  430,   47,    0,    3,    0,    1,    0,
     0,    0,    0,    1,   -1,    3,    3,    0,   -4,    0,   -4,   -4,    0,    0,    6,    0,
     6,    6,    0,    0,  1200,   15,   63,    0,   20,  230,   40,   58,  230,  230,  230,  166,
   184,  130,  148,  230],
 [ 391,    0,    0,   56,    0,    0,    0,   64,  108,  494,    0,    0,    4,    0,    0,    1,
     0,    0,    0,    2,    0,    4,    0,    0,   -4,    0,    0,   -4,    0,    0,    6,    0,
     0,    6,    0,    0,  1136,   14,   51,    0,   20,  230,  230,   58,  230,  230,  230,  166,
   184,  130,  230,  230],
 [   0,    0,    0,  104,    0,    0,    0,  112,  156,    0,    0,    0,    0,    0,    0,    1,
     0,    0,    0,    2,    0,    0,    0,    0,    0,    0,    0,   -4,    0,    0,    0,    0,
     0,    6,    0,    0,  1088,   14,   40,    0,  230,  230,  230,   58,  230,  230,  230,  166,
   184,  230,  230,  230],
 [ 130,    0,    0,    0,    0,    0,    0,    0,    0,    0,    0,  229,    0,    0,    0,    0,
     0,    0,    0,    0,    0,    0,    0,    5,   -4,    0,    0,    0,    0,  -35,    6,    0,
     0,    0,    0,    6,  1456,   18,   28,    0,   22,  230,  230,  230,  230,  230,  230,  230,
   230,  230,  230,  226]]