[[-227,    0,    0,   79,    0,    0,    0,    0,   91,    0,   17, -375,    2,    0,    0,    0,
     0,    0,    0,    0,    0,    0,    0,    5,    4,    0,    0,    0,    0,   32,    6,    0,
     0,    6,    0,    5,  160,    7,   56,    0,    4,  230,  230,   56,  230,  230,  230,  230,
   182,  230,  146,  220],
 [-195,    0,    0,  111,    0,    0,    0,    0,  123,    0,    0, -343,    2,    0,    0,    0,
     0,    0,    0,    0,    0,    0,    0,    5,    4,    0,    0,    0,    0,   32,    6,    0,
     0,    6,    0,    5,  128,    7,   40,    0,    4,  230,  230,   56,  230,  230,  230,  230,
   182,  230,  230,  220],
 [ 445,    0,    0,    0,    0,    0,    0,    0,    0,    0,    0,  297,    0,    0,    0,    0,
     0,    0,    0,    0,    0,    0,    0,    3,    4,    0,    0,    0,    0,   32,    6,    0,
     0,    0,    0,    5, -512,    9,   28,    0,    4,  230,  230,  230,  230,  230,  230,  230,
   230,  230,  230,  220],
 [ 253,    0,    0,    0,    0,    0,    0,    0,    0,    0,    0,  105,    0,    0,    0,    0,
     0,    0,    0,    0,    0,    0,    0,    3,    4,    0,    0,    0,    0,   32,    6,    0,
     0,    0,    0,    5, -320,    9,   28,    0,    4,  230,  230,  230,  230,  230,  230,  230,
   230,  230,  230,  220]]