[[   0,  121,    0,    0,    0,  152,    0,  136,    0,    0,    0,    0,    0,    2,    0,    0,
     0,    4,    0,    0,    0,    0,    0,    0,    0,   15,    0,    0,    0,    0,    0,    4,
     0,    0,    0,    0,  1920,   52,   47,    0,  230,   28,  230,  230,  230,  137,  230,  178,
   230,  230,  230,  230],
 [   0,   -7,    0,    0,    0,   24,    0,    8,    0,    0,    0,    0,    0,    2,    0,    0,
     0,    4,    0,    0,    0,    0,    0,    0,    0,   15,    0,    0,    0,    0,    0,    4,
     0,    0,    0,    0,  2048,   52,   47,    0,  230,   28,  230,  230,  230,  137,  230,  178,
   230,  230,  230,  230],
 [   0,    0,    0,    0,    0,  156,    0,    0,    0,    0,    0,    0,    0,    0,    0,    0,
     0,    0,    0,    0,    0,    0,    0,    0,    0,    0,    0,    0,    0,    0,    0,    0,
     0,    0,    0,    0,  1504,   56,   24,    0,  230,  230,  230,  230,  230,  136,  230,  230,
   230,  230,  230,  230],
 [   0,  217,    0,    0,   70,    0,    0,  232,    0,    0,    0,    0,    0,    1,    0,    0,
     0,    0,    0,    4,    0,    0,    0,    0,    0,   15,    0,    0,  -11,    0,    0,    4,
     0,    0,    6,    0,  1824,   48,   22,    0,  230,   28,  230,  230,   88,  230,  230,  178,
   230,  230,  230,  230]]