[[ 487,    0,    0,    0,    0,    0,    0,    0,    0,  552,   50,    0,    6,    0,    0,    0,
     0,    0,    0,    0,    0,    6,    0,    0,  -12,    0,    0,    0,    0,    0,    6,    0,
     0,    0,    0,    0,  1488,   34,   27,    0,   22,  230,  230,  230,  230,  230,  230,  230,
   230,  130,  148,  230],
 [   7,    0,    0,    0,    0,    0,    0,    0,    0,   72,    0,    0,    0,    0,    0,    0,
     0,    0,    0,    0,    0,    0,    0,    0,  -12,    0,    0,    0,    0,    0,    6,    0,
     0,    0,    0,    0,  1968,   40,   10,    0,   22,  230,  230,  230,  230,  230,  230,  230,
   230,  130,  230,  230],
 [-137,    0,    0,    0,    0,    0,    0,    0,    0,  -72,    0,    0,    0,    0,    0,    0,
     0,    0,    0,    0,    0,    0,    0,    0,  -12,    0,    0,    0,    0,    0,    6,    0,
     0,    0,    0,    0,  2112,   40,   10,    0,   22,  230,  230,  230,  230,  230,  230,  230,
   230,  130,  230,  230],
 [-265,    0,    0,    0,    0,    0,    0,    0,    0, -200,    0,    0,    0,    0,    0,    0,
     0,    0,    0,    0,    0,    0,    0,    0,  -12,    0,    0,    0,    0,    0,    6,    0,
     0,    0,    0,    0,  2240,   40,   10,    0,   22,  230,  230,  230,  230,  230,  230,  230,
   230,  130,  230,  230]]