[[ 188,    0,    0,  -13,    0,    0,    0,  -17,  -41,  204,   39,    0,    1,    0,    0,    0,
     0,    0,    0,    0,    0,    0,   -2,    0,   -3,    0,    0,   -2,    0,    0,    6,    0,
     0,    5,    0,    0,  720,   26,   54,    0,   18,  230,  230,   56,  230,  230,  230,  164,
   182,  126,  146,  230],
 [ 428,    0,    0,  227,    0,    0,    0,  223,  199,  444,    0,    0,    1,    0,    0,    0,
     0,    0,    0,    0,    0,    0,    0,    0,   -3,    0,    0,   -2,    0,    0,    6,    0,
     0,    5,    0,    0,  480,   26,   45,    0,   18,  230,  230,   56,  230,  230,  230,  164,
   182,  126,  230,  230],
 [ 540,    0,    0,    0,    0,    0,    0,  335,  311,  556,    0,    0,    1,    0,    0,    0,
     0,    0,    0,    0,    0,    0,    0,    0,   -3,    0,    0,    0,    0,    0,    6,    0,
     0,    0,    0,    0,  368,   26,   33,    0,   18,  230,  230,  230,  230,  230,  230,  164,
   182,  126,  230,  230],
 [-276,    0,    0,    0,    0,    0,    0,    0, -505, -260,    0,    0,    1,    0,    0,    0,
     0,    0,    0,    0,    0,    0,    0,    0,   -3,    0,    0,    0,    0,    0,    6,    0,
     0,    0,    0,    0,  1184,   26,   30,    0,   18,  230,  230,  230,  230,  230,  230,  230,
   182,  126,  230,  230]]