[[-324,    0,   11,   67,  104,    0,    0,   83,  120,    0,  -32, -411,    2,    0,    0,    0,
     0,    0,    0,    1,    1,    0,   -2,    3,   11,    0,    2,    1,    0,   32,    5,    0,
     5,    4,    6,    6, -352,    9,   63,    0,    2,  230,   36,   54,   72,  230,  230,  162,
   180,  230,  144,  218],
 [-276,    0,    0,  115,  152,    0,    0,  131,    0,    0,   16, -363,    2,    0,    0,    0,
     0,    0,    0,    1,    0,    0,   -2,    3,   11,    0,    0,    1,    0,   32,    5,    0,
     0,    4,    6,    6, -400,    9,   60,    0,    2,  230,  230,   54,   72,  230,  230,  162,
   230,  230,  144,  218],
 [ 412,    0,    0,    0,    0,    0,    0,    0,    0,    0,    0,  325,    0,    0,    0,    0,
     0,    0,    0,    0,    0,    0,    0,    1,   11,    0,    0,    0,    0,   32,    5,    0,
     0,    0,    0,    6, -1088,   11,   33,    0,    2,  230,  230,  230,  230,  230,  230,  230,
   230,  230,  230,  218],
 [ 140,    0,    0,    0,    0,    0,    0,    0,    0,    0,    0,   53,    0,    0,    0,    0,
     0,    0,    0,    0,    0,    0,    0,    1,   11,    0,    0,    0,    0,   32,    5,    0,
     0,    0,    0,    6, -816,   11,   33,    0,    2,  230,  230,  230,  230,  230,  230,  230,
   230,  230,  230,  218]]