[[-378,    0,   20,   33,   16,    0,    0,   26,    4, -426,   -5,    0,    4,    0,    1,    0,
    -1,    0,    0,    0,    4,    3,    3,    0,    8,    0,    1,   -1,    0,    0,    5,    0,
     6,    6,    5,    0, -1568,   32,   63,    0,   90,  230,   96,  100,  104,  230,  230,  208,
   214,  198,  204,  230],
 [-346,    0,    0,   65,   48,    0,    0,   58,   36, -394,   27,    0,    5,    0,    0,    1,
     0,    0,    0,    1,    5,    4,    4,    0,    8,    0,    0,   -1,    0,    0,    5,    0,
     0,    6,    5,    0, -1600,   31,   54,    0,   90,  230,  230,  100,  104,  230,  230,  208,
   214,  198,  204,  230],
 [-314,    0,    0,    0,    0,    0,    0,    0,   68, -362,    0,    0,    0,    0,    0,    0,
     0,    0,    0,    0,    0,   -1,    0,    0,    8,    0,    0,    0,    0,    0,    5,    0,
     0,    0,    0,    0, -1632,   36,   30,    0,   90,  230,  230,  230,  230,  230,  230,  230,
   214,  198,  230,  230],
 [ 358,    0,    0,    0,    0,    0,    0,    0,    0,  310,    0,    0,    0,    0,    0,    0,
     0,    0,    0,    0,    0,   -1,    0,    0,    8,    0,    0,    0,    0,    0,    5,    0,
     0,    0,    0,    0, -2304,   36,   29,    0,   90,  230,  230,  230,  230,  230,  230,  230,
   230,  198,  230,  230]]