[[ 145,    0,    8,    0,   -8,    0,    0,   -1,   -9,  205,   19,  235,    1,    0,    1,    0,
     0,    0,    0,    0,    0,    1,    2,    1,   -4,    0,    0,   -4,    0,  -17,    6,    0,
     6,    6,    6,    6, -992,   21,   63,    0,    0,  230,   36,   54,   72,  230,  230,  162,
   180,  110,  144,  218],
 [ 230,    0,    0,   48,   40,    0,    0,   47,   39,  253,   67,  283,    1,    0,    0,    0,
     0,    0,    0,    0,    0,    1,    2,    1,   -4,    0,    0,   -4,    0,  -17,    6,    0,
     0,    6,    6,    6, -1040,   21,   62,    0,    2,  230,  230,   54,   72,  230,  230,  162,
   180,  110,  144,  218],
 [   0,    0,    0,  112,  104,    0,    0,  111,  103,    0,    0,    0,    0,    0,    0,    0,
     0,    0,    0,    0,    0,    0,    0,    0,    0,    0,    0,   -4,    0,    0,    0,    0,
     0,    6,    6,    0, -1104,   21,   40,    0,  230,  230,  230,   54,   72,  230,  230,  162,
   180,  230,  230,  230],
 [ 337,    0,    0,    0,    0,    0,    0,    0,  183,  397,    0,  427,    1,    0,    0,    0,
     0,    0,    0,    0,    0,    1,    0,    1,   -4,    0,    0,    0,    0,  -17,    6,    0,
     0,    0,    0,    6, -1184,   21,   23,    0,    0,  230,  230,  230,  230,  230,  230,  230,
   180,  110,  230,  218]]