[[   0,    0,   12,   -5,  -83,    0,    0,  -24, -105, -246,    2, -283,    0,    0,   -1,    0,
     2,    0,    0,    1,    2,   -1,   -4,    0,    0,    0,    2,   -2,   -3,   20,    0,    0,
     5,    6,    5,    6,  576,   22,   61,    0,  230,  230,   38,   56,   74,  230,  230,  164,
   182,  112,  146,  220],
 [   0,    0,    0,   59,  -19,    0,    0,   40,    0, -182,    0, -219,    0,    0,    0,    0,
     2,    0,    0,    1,    0,   -1,    0,    0,    0,    0,    0,   -2,   -3,   20,    0,    0,
     0,    6,    5,    6,  512,   22,   32,    0,  230,  230,  230,   56,   74,  230,  230,  164,
   230,  112,  230,  220],
 [   0,    0,    0,    0,   13,    0,    0,   72,   -9, -150,    0, -187,    0,    0,    0,    0,
     0,    0,    0,   -1,    0,   -3,    0,   -2,    0,    0,    0,    0,   -3,   20,    0,    0,
     0,    0,    5,    6,  480,   24,   29,    0,  230,  230,  230,  230,   74,  230,  230,  164,
   182,  112,  230,  220],
 [   0,    0,    0,    0,    0,    0,    0,    0,   39, -102,    0, -139,    0,    0,    0,    0,
     0,    0,    0,    0,    0,   -3,    0,   -2,    0,    0,    0,    0,    0,   20,    0,    0,
     0,    0,    0,    6,  432,   24,   28,    0,  230,  230,  230,  230,  230,  230,  230,  230,
   182,  112,  230,  220]]