[[  10,    0,   16,   16,   16,    0,    0,   21,   20,    7,   14,    0,   -1,    0,    0,    0,
     0,    0,    0,    0,    0,    0,    1,    0,    0,    0,    0,    0,    0,    0,    6,    0,
     6,    6,    6,    0,  160,   28,   63,    0,    4,  230,   38,   56,   74,  230,  230,  164,
   182,  112,  146,  230],
 [   0,    0,    0,  192,  192,    0,    0,  197,  196,    0,    0,    0,    0,    0,    0,    0,
     0,    0,    0,    0,    0,    0,    0,    0,    0,    0,    0,    0,    0,    0,    0,    0,
     0,    6,    6,    0,  -16,   28,   47,    0,  230,  230,  230,   56,   74,  230,  230,  164,
   182,  230,  230,  230],
 [ 266,    0,    0,    0,  272,    0,    0,  277,  276,  263,    0,    0,   -1,    0,    0,    0,
     0,    0,    0,    0,    0,    0,    0,    0,    0,    0,    0,    0,    0,    0,    6,    0,
     0,    0,    6,    0,  -96,   28,   25,    0,    4,  230,  230,  230,   74,  230,  230,  164,
   182,  112,  230,  230],
 [-246,    0,    0,    0, -240,    0,    0, -235, -236, -249,    0,    0,   -1,    0,    0,    0,
     0,    0,    0,    0,    0,    0,    0,    0,    0,    0,    0,    0,    0,    0,    6,    0,
     0,    0,    6,    0,  416,   28,   25,    0,    4,  230,  230,  230,   74,  230,  230,  164,
   182,  112,  230,  230]]