[[   0,  -41,   19,    7,  -19,  -32,    0,  -12,  -32,    0,    0,    0,    0,    0,    0,   -1,
     0,    2,    0,    2,   -6,    0,    0,    0,    0,    5,    1,   -2,   -2,    0,    0,    6,
     6,    5,    5,    0,  192,   78,   62,    0,  230,   10,   46,   64,   82,  118,  230,  172,
   190,  230,  230,  230],
 [   0,  103,    0,  151,  125,  112,    0,  132,  112,    0,    0,    0,    0,    1,    0,    0,
     1,    3,    0,    3,   -5,    0,    0,    0,    0,    5,    0,   -2,   -2,    0,    0,    6,
     0,    5,    5,    0,   48,   77,   53,    0,  230,   10,  230,   64,   82,  118,  230,  172,
   190,  230,  230,  230],
 [   0,  151,    0,    0,  173,  160,    0,  180,  160,    0,    0,    0,    0,    0,    0,    0,
     0,    2,    0,    2,   -6,    0,    0,    0,    0,    5,    0,    0,   -2,    0,    0,    6,
     0,    0,    5,    0,    0,   78,   49,    0,  230,   10,  230,  230,   82,  118,  230,  172,
   190,  230,  230,  230],
 [   0,  199,    0,    0,  221,    0,    0,  228,  208,    0,    0,    0,    0,    0,    0,    0,
     0,    0,    0,    2,   -6,    0,    0,    0,    0,    5,    0,    0,   -2,    0,    0,    6,
     0,    0,    5,    0,  -48,   78,   18,    0,  230,   10,  230,  230,   82,  230,  230,  172,
   190,  230,  230,  230]]