[[ 381,    0,    8,  -41,    0,    0,    0,  -46,   -9,  417,    0,  461,    3,    0,    1,    0,
     0,    0,    0,    1,    0,    4,    0,    4,  -10,    0,   -3,    1,    0,  -28,    5,    0,
     4,    5,    0,    6,  240,   14,   63,    0,   19,  230,   38,   56,  230,  230,  230,  164,
   182,  126,  230,  222],
 [ 413,    0,    0,   -9,    0,    0,    0,  -14,   23,  449,    0,  493,    3,    0,    0,    0,
     0,    0,    0,    1,    0,    4,    0,    4,  -10,    0,    0,    1,    0,  -28,    5,    0,
     0,    5,    0,    6,  208,   14,   55,    0,   19,  230,  230,   56,  230,  230,  230,  164,
   182,  126,  230,  222],
 [   0,    0,    0,   39,    0,    0,    0,   34,   71,  497,    0,  541,    0,    0,    0,    0,
     0,    0,    0,    1,    0,    4,    0,    4,    0,    0,    0,    1,    0,  -28,    0,    0,
     0,    5,    0,    6,  160,   14,   32,    0,  230,  230,  230,   56,  230,  230,  230,  164,
   182,  126,  230,  222],
 [   0,    0,    0,  119,    0,    0,    0,  114,  151,    0,    0,    0,    0,    0,    0,    0,
     0,    0,    0,    1,    0,    0,    0,    0,    0,    0,    0,    1,    0,    0,    0,    0,
     0,    5,    0,    0,   80,   14,    3,    0,  230,  230,  230,   56,  230,  230,  230,  164,
   182,  230,  230,  230]]