[[ 154,    0,    8,  -16,  -16,    0,    0,  -19,  -13,    0,   21,  233,   -1,    0,    0,    0,
     0,    0,    0,    0,    0,    0,   -2,   -1,   -4,    0,    0,    0,    0,  -17,    6,    0,
     6,    6,    6,    6, -1328,    9,   63,    0,    0,  230,   36,   54,   72,  230,  230,  162,
   180,  230,  144,  216],
 [ 202,    0,    0,   32,   32,    0,    0,   29,   35,    0,   69,  281,   -1,    0,    0,    0,
     0,    0,    0,    0,    0,    0,   -2,   -1,   -4,    0,    0,    0,    0,  -17,    6,    0,
     0,    6,    6,    6, -1376,    9,   60,    0,    0,  230,  230,   54,   72,  230,  230,  162,
   180,  230,  144,  216],
 [ 234,    0,    0,   64,   64,    0,    0,   61,   67,    0,    0,  313,   -1,    0,    0,    0,
     0,    0,    0,    0,    0,    0,    0,   -1,   -4,    0,    0,    0,    0,  -17,    6,    0,
     0,    6,    6,    6, -1408,    9,   50,    0,    0,  230,  230,   54,   72,  230,  230,  162,
   180,  230,  230,  216],
 [   0,    0,    0,  112,  112,    0,    0,  109,  115,    0,    0,    0,    0,    0,    0,    0,
     0,    0,    0,    0,    0,    0,    0,    0,    0,    0,    0,    0,    0,    0,    0,    0,
     0,    6,    6,    0, -1456,    9,   40,    0,  230,  230,  230,   54,   72,  230,  230,  162,
   180,  230,  230,  230]]