[[   0,  -44,   -8, -136, -272,    5,   33,    0, -304,    0,    0,    0,    0,    6,    2,    2,
     2,    4,    2,    0,    0,    0,    0,    0,    0,    8,   -4,   -4,   -8,    0,    0,    6,
     6,    6,    6,    0, -192,   64,   63,    0,  230,    8,   46,   62,   80,  118,  154,  230,
   188,  230,  230,  230],
 [   0,  196,    0,  104,  -32,    0,    0,    0,    0,    0,    0,    0,    0,    4,    0,    0,
     0,    0,    0,    0,    0,    0,    0,    0,    0,    8,    0,   -4,   -8,    0,    0,    6,
     0,    6,    6,    0, -432,   66,   18,    0,  230,    8,  230,   62,   80,  230,  230,  230,
   230,  230,  230,  230],
 [   0,  132,    0,   40,    0,  181,    0,    0,    0,    0,    0,    0,    0,    4,    0,    0,
     0,    2,    0,    0,    0,    0,    0,    0,    0,    8,    0,   -4,    0,    0,    0,    6,
     0,    6,    0,    0, -368,   66,   12,    0,  230,    8,  230,   62,  230,  118,  230,  230,
   230,  230,  230,  230],
 [   0,    0,    0,  136,    0,    0,    0,    0,  -32,    0,    0,    0,    0,    0,    0,    2,
     2,    0,    0,    0,    0,    0,    0,    0,    0,    0,    0,   -4,   -8,    0,    0,    0,
     0,    6,    6,    0, -464,   64,   11,    0,  230,  230,  230,   62,   80,  230,  230,  230,
   188,  230,  230,  230]]