[[ 212,    0,   13,   56,  129,    0,    0,   73,  140,  279,   19,    0,    1,    0,    0,    0,
     0,    0,    0,    1,    5,    2,   -1,    0,   -5,    0,   -1,    3,    3,    0,    4,    0,
     6,    5,    6,    0, -1584,   31,   63,    0,    0,  230,   96,  100,  104,  230,  230,  208,
   214,  108,  204,  230],
 [ 244,    0,    0,   88,  161,    0,    0,  105,  172,  311,   51,    0,    1,    0,    0,    0,
     0,    0,    0,    1,    5,    2,   -1,    0,   -5,    0,    0,    3,    3,    0,    4,    0,
     0,    5,    6,    0, -1616,   31,   54,    0,    0,  230,  230,  100,  104,  230,  230,  208,
   214,  108,  204,  230],
 [ 372,    0,    0,  216,  289,    0,    0,  233,  300,  439,    0,    0,    1,    0,    0,    0,
     0,    0,    0,    1,    5,    2,    0,    0,   -5,    0,    0,    3,    3,    0,    4,    0,
     0,    5,    6,    0, -1744,   31,   45,    0,    0,  230,  230,  100,  104,  230,  230,  208,
   214,  108,  230,  230],
 [ 468,    0,    0,    0,  385,    0,    0,  329,  396,  535,    0,    0,    1,    0,    0,    0,
     0,    0,    0,    1,    5,    2,    0,    0,   -5,    0,    0,    0,    3,    0,    4,    0,
     0,    0,    6,    0, -1840,   31,   33,    0,    0,  230,  230,  230,  104,  230,  230,  208,
   214,  108,  230,  230]]