[[ -89,  -36,    0,   20,   24,    0,    0,   28,   28, -123,    0,    0,    3,    3,    0,    2,
     2,    0,    0,    6,    0,    3,    0,    0,    4,    4,    0,    0,    0,    0,    6,    6,
     0,    6,    6,    0, -880,   44,   63,    0,    0,    6,  230,   60,   78,  230,  230,  168,
   186,  108,  230,  230],
 [-153, -100,    0,  -44,  -40,    0,    0,  -36,  -36, -187,    0,    0,    3,    3,    0,    2,
     2,    0,    0,    6,    0,    3,    0,    0,    4,    4,    0,    0,    0,    0,    6,    6,
     0,    6,    6,    0, -816,   44,   63,    0,    0,    6,  230,   60,   78,  230,  230,  168,
   186,  108,  230,  230],
 [-217, -164,    0, -108, -104,    0,    0, -100, -100, -251,    0,    0,    3,    3,    0,    2,
     2,    0,    0,    6,    0,    3,    0,    0,    4,    4,    0,    0,    0,    0,    6,    6,
     0,    6,    6,    0, -752,   44,   63,    0,    0,    6,  230,   60,   78,  230,  230,  168,
   186,  108,  230,  230],
 [   0,  140,    0,  196,  200,    0,    0,  204,  204,    0,    0,    0,    0,    3,    0,    2,
     2,    0,    0,    6,    0,    0,    0,    0,    0,    4,    0,    0,    0,    0,    0,    6,
     0,    6,    6,    0, -1056,   44,   61,    0,  230,    6,  230,   60,   78,  230,  230,  168,
   186,  230,  230,  230]]