[[ 236,    0,   14,  -26,  -48,    0,    0,  -34,  -53,    0,   38,  287,    0,    0,    0,    0,
     0,    0,    0,    0,    0,    0,    2,    3,   -8,    0,   -3,   -1,    0,  -20,    6,    0,
     5,    6,    6,    6,  1648,   10,   63,    0,   22,  230,   40,   58,   76,  230,  230,  166,
   184,  230,  148,  226],
 [ 316,    0,    0,   54,   32,    0,    0,   46,   27,    0,    0,  367,    0,    0,    0,    0,
     0,    0,    0,    0,    0,    0,    0,    3,   -8,    0,    0,   -1,    0,  -20,    6,    0,
     0,    6,    6,    6,  1568,   10,   48,    0,   22,  230,  230,   58,   76,  230,  230,  166,
   184,  230,  230,  226],
 [ 348,    0,    0,    0,   64,    0,    0,   78,   59,    0,    0,  399,    0,    0,    0,    0,
     0,    0,    0,    0,    0,    0,    0,    3,   -8,    0,    0,    0,    0,  -20,    6,    0,
     0,    0,    6,    6,  1536,   10,   36,    0,   22,  230,  230,  230,   76,  230,  230,  166,
   184,  230,  230,  226],
 [ 412,    0,    0,    0,  128,    0,    0,    0,  123,    0,    0,  463,    0,    0,    0,    0,
     0,    0,    0,    0,    0,    0,    0,    3,   -8,    0,    0,    0,    0,  -20,    6,    0,
     0,    0,    6,    6,  1472,   10,   34,    0,   22,  230,  230,  230,   76,  230,  230,  230,
   184,  230,  230,  226]]