[[ 114,    0,    8,   -8,   -7,    0,    0,  -19,  -19,  146,   15,    0,    0,    0,    1,    0,
     0,    0,    0,    1,    4,    2,    1,    0,    0,    0,    0,    0,    0,    0,    6,    0,
     6,    6,    6,    0, -1424,   40,   63,    0,    0,  230,   36,  100,   78,  230,  230,  210,
   214,  108,  204,  230],
 [ 306,    0,    0,  184,  185,    0,    0,  173,  173,  338,    0,    0,    0,    0,    0,    0,
     0,    0,    0,    1,    4,    2,    0,    0,    0,    0,    0,    0,    0,    0,    6,    0,
     0,    6,    6,    0, -1616,   40,   49,    0,    0,  230,  230,  100,   78,  230,  230,  210,
   214,  108,  230,  230],
 [ 162,    0,    0,   40,   41,    0,    0,   29,   29,  194,    0,    0,    0,    0,    0,    0,
     0,    0,    0,    1,    4,    2,    0,    0,    0,    0,    0,    0,    0,    0,    6,    0,
     0,    6,    6,    0, -1472,   40,   49,    0,    0,  230,  230,  100,   78,  230,  230,  210,
   214,  108,  230,  230],
 [   0,    0,    0,  -88,  -87,    0,    0,  -99,  -99,    0,    0,    0,    0,    0,    0,    0,
     0,    0,    0,    1,    4,    0,    0,    0,    0,    0,    0,    0,    0,    0,    0,    0,
     0,    6,    6,    0, -1344,   40,   47,    0,  230,  230,  230,  100,   78,  230,  230,  210,
   214,  230,  230,  230]]