[[-164,    0,   10,  -26,  -88,    0,    0,  -56, -115, -185,   16, -215,    3,    0,    1,    0,
     0,    0,    0,    1,    0,    3,    1,    5,    5,    0,   -1,   -1,    0,   18,    5,    0,
     6,    6,    5,    6,  1072,   18,   63,    0,   18,  230,   40,   58,   76,  230,  230,  166,
   182,  126,  148,  222],
 [ -84,    0,    0,   54,   -8,    0,    0,   24,  -35, -105,    0, -135,    3,    0,    0,    0,
     0,    0,    0,    1,    0,    3,    0,    5,    5,    0,    0,   -1,    0,   18,    5,    0,
     0,    6,    5,    6,  992,   18,   55,    0,   18,  230,  230,   58,   76,  230,  230,  166,
   182,  126,  230,  222],
 [ -20,    0,    0,    0,    0,    0,    0,    0,   29,  -41,    0,  -71,    3,    0,    0,    0,
     0,    0,    0,    0,    0,    3,    0,    5,    5,    0,    0,    0,    0,   18,    5,    0,
     0,    0,    0,    6,  928,   18,   40,    0,   18,  230,  230,  230,  230,  230,  230,  230,
   182,  126,  230,  222],
 [ 412,    0,    0,    0,    0,    0,    0,    0,    0,  391,    0,  361,    0,    0,    0,    0,
     0,    0,    0,    0,    0,    0,    0,    2,    5,    0,    0,    0,    0,   18,    5,    0,
     0,    0,    0,    6,  496,   21,   38,    0,   18,  230,  230,  230,  230,  230,  230,  230,
   230,  126,  230,  222]]