[[ 255,    0,   10,   61,  128,    0,    0,   75,  144,  290,   10,    0,    2,    0,    1,    0,
     0,    0,    0,    0,    3,    2,    1,    0,   -6,    0,   -1,    2,    4,    0,    5,    0,
     5,    5,    6,    0,  1696,   33,   63,    0,   22,  230,   40,   58,   76,  230,  230,  166,
   196,  130,  148,  230],
 [ 287,    0,    0,   93,  160,    0,    0,  107,  176,  322,   42,    0,    2,    0,    0,    0,
     0,    0,    0,    0,    3,    2,    1,    0,   -6,    0,    0,    2,    4,    0,    5,    0,
     0,    5,    6,    0,  1664,   33,   54,    0,   22,  230,  230,   58,   76,  230,  230,  166,
   196,  130,  148,  230],
 [ 415,    0,    0,  221,  288,    0,    0,  235,  304,  450,    0,    0,    2,    0,    0,    0,
     0,    0,    0,    0,    3,    2,    0,    0,   -6,    0,    0,    2,    4,    0,    5,    0,
     0,    5,    6,    0,  1536,   33,   45,    0,   22,  230,  230,   58,   76,  230,  230,  166,
   196,  130,  230,  230],
 [ 511,    0,    0,    0,  384,    0,    0,  331,  400,  546,    0,    0,    2,    0,    0,    0,
     0,    0,    0,    0,    3,    2,    0,    0,   -6,    0,    0,    0,    4,    0,    5,    0,
     0,    0,    6,    0,  1440,   33,   33,    0,   22,  230,  230,  230,   76,  230,  230,  166,
   196,  130,  230,  230]]