[[   0,  112,    8,   53,  148,   92,    0,  100,  212,    0,    0,    0,    0,    5,    2,    0,
    -3,    5,    0,    1,   -3,    0,    0,    0,    0,  -12,    0,    6,    8,    0,    0,    5,
     3,    5,    5,    0, -128,   47,   58,    0,  230,   10,   38,   64,   82,  118,  230,  172,
   190,  230,  230,  230],
 [   0,    0,    0,  181,  276,    0,    0,  228,  340,    0,    0,    0,    0,    0,    0,    3,
     0,    0,    0,    4,    0,    0,    0,    0,    0,    0,    0,    6,    8,    0,    0,    0,
     0,    5,    5,    0, -256,   44,   57,    0,  230,  230,  230,   64,   82,  230,  230,  172,
   190,  230,  230,  230],
 [   0,    0,    0,  -75,   20,    0,    0,  -28,    0,    0,    0,    0,    0,    0,    0,    3,
     0,    0,    0,    4,    0,    0,    0,    0,    0,    0,    0,    6,    8,    0,    0,    0,
     0,    5,    5,    0,    0,   44,   57,    0,  230,  230,  230,   64,   82,  230,  230,  172,
   230,  230,  230,  230],
 [   0,  144,    0,    0,    0,  124,    0,  132,    0,    0,    0,    0,    0,    4,    0,    0,
     0,    4,    0,    0,    0,    0,    0,    0,    0,  -12,    0,    0,    0,    0,    0,    5,
     0,    0,    0,    0, -160,   48,   57,    0,  230,   10,  230,  230,  230,  118,  230,  172,
   230,  230,  230,  230]]