[[-321,    0,   14,    0,    0,    0,    0,    0,    0, -412,    0,    0,    2,    0,    0,    0,
     0,    0,    0,    0,    0,    0,    0,    0,    6,    0,    2,    0,    0,    0,    5,    0,
     5,    0,    0,    0, -880,   24,   45,    0,    0,  230,   36,  230,  230,  230,  230,  230,
   230,  108,  230,  230],
 [-321,    0,   14,    0,  112,    0,    0,    0,  113, -412,    0,    0,    4,    0,    2,    0,
     0,    0,    0,    0,    0,    2,    0,    0,    6,    0,    2,    0,    0,    0,    5,    0,
     5,    0,    6,    0, -880,   22,   32,    0,    0,  230,   36,  230,   72,  230,  230,  230,
   180,  108,  230,  230],
 [-273,    0,    0,    0,  160,    0,    0,    0,  161, -364,    0,    0,    4,    0,    0,    0,
     0,    0,    0,    0,    0,    2,    0,    0,    6,    0,    0,    0,    0,    0,    5,    0,
     0,    0,    6,    0, -928,   22,   29,    0,    0,  230,  230,  230,   72,  230,  230,  230,
   180,  108,  230,  230],
 [ 575,    0,    0,    0,    0,    0,    0,    0,    0,  484,    0,    0,    0,    0,    0,    0,
     0,    0,    0,    0,    0,   -2,    0,    0,    6,    0,    0,    0,    0,    0,    5,    0,
     0,    0,    0,    0, -1776,   26,   29,    0,    0,  230,  230,  230,  230,  230,  230,  230,
   230,  108,  230,  230]]