[[   0,    0,    0,    0,    0,    0,    0,    8,    8,    0,   13,   20,    0,    0,    0,    0,
     0,    0,    0,    0,    0,    0,    2,   -1,    0,    0,    0,    0,    0,    0,    0,    0,
     0,    0,    0,    6,  848,    5,   62,    0,  230,  230,  230,  230,  230,  230,  230,  164,
   182,  230,  146,  222],
 [   0,    0,    0,    0,    0,    0,    0,    0,  168,    0,    0,  180,    0,    0,    0,    0,
     0,    0,    0,    0,    0,    0,    0,   -1,    0,    0,    0,    0,    0,    0,    0,    0,
     0,    0,    0,    6,  688,    5,   38,    0,  230,  230,  230,  230,  230,  230,  230,  230,
   182,  230,  230,  222],
 [   0,    0,    0,    0,    0,    0,    0,    0, -168,    0,    0, -156,    0,    0,    0,    0,
     0,    0,    0,    0,    0,    0,    0,   -1,    0,    0,    0,    0,    0,    0,    0,    0,
     0,    0,    0,    6,  1024,    5,   38,    0,  230,  230,  230,  230,  230,  230,  230,  230,
   182,  230,  230,  222],
 [   0,    0,    0,    0,    0,    0,    0,   56,   56,    0,   61,    0,    0,    0,    0,    0,
     0,    0,    0,    0,    0,    0,    2,    0,    0,    0,    0,    0,    0,    0,    0,    0,
     0,    0,    0,    0,  800,    5,   33,    0,  230,  230,  230,  230,  230,  230,  230,  164,
   182,  230,  146,  230]]