[[   0,    4,   16,   16,   20,   15,   15,   15,   15,    0,    0,    0,    0,    1,    1,    0,
     1,    5,    3,   -3,    0,    0,    0,    0,    0,    0,    0,    4,    4,    0,    0,    6,
     6,    6,    6,    0,   80,   63,   63,    0,  230,   10,   46,   64,   82,  118,  154,  172,
   190,  230,  230,  230],
 [   0,  132,    0,  144,  148,    0,    0,  143,  143,    0,    0,    0,    0,    4,    0,    3,
     4,    0,    0,    0,    3,    0,    0,    0,    0,    0,    0,    4,    4,    0,    0,    6,
     0,    6,    6,    0,  -48,   60,   51,    0,  230,   10,  230,   64,   82,  230,  230,  172,
   190,  230,  230,  230],
 [   0,  164,    0,    0,  180,    0,    0,  175,  175,    0,    0,    0,    0,    4,    0,    0,
     4,    0,    0,    0,    3,    0,    0,    0,    0,    0,    0,    0,    4,    0,    0,    6,
     0,    0,    6,    0,  -80,   60,   28,    0,  230,   10,  230,  230,   82,  230,  230,  172,
   190,  230,  230,  230],
 [   0,  196,    0,    0,  212,    0,    0,  207,  207,    0,    0,    0,    0,    4,    0,    0,
     4,    0,    0,    0,    3,    0,    0,    0,    0,    0,    0,    0,    4,    0,    0,    6,
     0,    0,    6,    0, -112,   60,   14,    0,  230,   10,  230,  230,   82,  230,  230,  172,
   190,  230,  230,  230]]