[[ 163,    0,   16,  -16,    0,    0,    0,  -10,   -4,    0,   25,  199,   -1,    0,    1,    1,
     0,    0,    0,    0,    0,    0,    0,    5,   -4,    0,    0,   -4,    0,  -14,    6,    0,
     6,    6,    0,    6, -464,    7,   63,    0,    2,  230,   36,   54,  230,  230,  230,  162,
   180,  230,  144,  218],
 [ 195,    0,    0,   16,    0,    0,    0,   22,   28,    0,   57,  231,   -1,    0,    0,    1,
     0,    0,    0,    0,    0,    0,    0,    5,   -4,    0,    0,   -4,    0,  -14,    6,    0,
     0,    6,    0,    6, -496,    7,   60,    0,    2,  230,  230,   54,  230,  230,  230,  162,
   180,  230,  144,  218],
 [ 243,    0,    0,   64,    0,    0,    0,   70,   76,    0,    0,  279,   -1,    0,    0,    1,
     0,    0,    0,    0,    0,    0,    0,    5,   -4,    0,    0,   -4,    0,  -14,    6,    0,
     0,    6,    0,    6, -544,    7,   50,    0,    2,  230,  230,   54,  230,  230,  230,  162,
   180,  230,  230,  218],
 [   0,    0,    0,  112,    0,    0,    0,  118,  124,    0,    0,    0,    0,    0,    0,    1,
     0,    0,    0,    0,    0,    0,    0,    0,    0,    0,    0,   -4,    0,    0,    0,    0,
     0,    6,    0,    0, -592,    7,   40,    0,  230,  230,  230,   54,  230,  230,  230,  162,
   180,  230,  230,  230]]