[[ 118,    0,    8,    0,  -18,    0,    0,   -4,    0,    0,    0,  151,    1,    0,    0,    0,
     0,    0,    0,    0,    0,    0,    0,    4,   -4,    0,    0,    0,   -8,  -10,    6,    0,
     4,    4,    5,    6, -688,   14,   62,    0,    2,  230,   36,   54,   72,  230,  230,  162,
   230,  230,  230,  218],
 [ 166,    0,    0,   48,   30,    0,    0,   44,   63,    0,    0,  199,    1,    0,    0,    0,
     0,    0,    0,    0,   -1,    0,    0,    4,   -4,    0,    0,    0,   -8,  -10,    6,    0,
     0,    4,    5,    6, -736,   14,   48,    0,    2,  230,  230,   54,   72,  230,  230,  162,
   180,  230,  230,  218],
 [ 198,    0,    0,    0,   62,    0,    0,   76,   95,    0,    0,  231,    1,    0,    0,    0,
     0,    0,    0,    0,   -1,    0,    0,    4,   -4,    0,    0,    0,   -8,  -10,    6,    0,
     0,    0,    5,    6, -768,   14,   36,    0,    2,  230,  230,  230,   72,  230,  230,  162,
   180,  230,  230,  218],
 [ 278,    0,    0,    0,  142,    0,    0,    0,    0,    0,    0,  311,    1,    0,    0,    0,
     0,    0,    0,    0,    0,    0,    0,    4,   -4,    0,    0,    0,   -8,  -10,    6,    0,
     0,    0,    5,    6, -848,   14,   34,    0,    2,  230,  230,  230,   72,  230,  230,  230,
   230,  230,  230,  218]]