[[ -19,    0,   16,   16,   16,    0,    0,   15,   15,  -31,    8,    0,   -1,    0,    0,   -1,
     0,    0,    0,    0,   -1,    0,    1,    0,    0,    0,    0,    0,    0,    0,    6,    0,
     6,    6,    6,    0, -1072,   28,   63,    0,    0,  230,   36,   54,   72,  230,  230,  162,
   180,  108,  144,  230],
 [   0,    0,    0,  192,  192,    0,    0,  191,  191,    0,    0,    0,    0,    0,    0,    0,
     1,    0,    0,    1,    0,    0,    0,    0,    0,    0,    0,    0,    0,    0,    0,    0,
     0,    6,    6,    0, -1248,   27,   47,    0,  230,  230,  230,   54,   72,  230,  230,  162,
   180,  230,  230,  230],
 [   0,    0,    0,    0,  240,    0,    0,  239,  239,    0,    0,    0,    0,    0,    0,    0,
     1,    0,    0,    1,    0,    0,    0,    0,    0,    0,    0,    0,    0,    0,    0,    0,
     0,    0,    6,    0, -1296,   27,   34,    0,  230,  230,  230,  230,   72,  230,  230,  162,
   180,  230,  230,  230],
 [ 397,    0,    0,    0,  432,    0,    0,    0,  431,  385,    0,    0,    0,    0,    0,    0,
     1,    0,    0,    0,    0,    1,    0,    0,    0,    0,    0,    0,    0,    0,    6,    0,
     0,    0,    6,    0, -1488,   27,   13,    0,    0,  230,  230,  230,   72,  230,  230,  230,
   180,  108,  230,  230]]