[[ 554,    0,   16,   32,  160,    0,    0,   53,    0,    0,   41,    0,    4,    0,    0,    1,
     1,    0,    0,    1,    0,    0,    0,    0,  -16,    0,    0,    4,    4,    0,    6,    0,
     6,    6,    6,    0,  480,   29,   59,    0,   20,  230,   38,   56,   74,  230,  230,  164,
   230,  230,  146,  230],
 [   0,    0,    0,  192,  320,    0,    0,  213,    0,    0,    0,    0,    0,    0,    0,    0,
     0,    0,    0,    0,    0,    0,    0,    0,    0,    0,    0,    4,    4,    0,    0,    0,
     0,    6,    6,    0,  320,   30,   47,    0,  230,  230,  230,   56,   74,  230,  230,  164,
   230,  230,  230,  230],
 [   0,    0,    0,  -96,   32,    0,    0,  -75,    0,    0,    0,    0,    0,    0,    0,    0,
     0,    0,    0,    0,    0,    0,    0,    0,    0,    0,    0,    4,    4,    0,    0,    0,
     0,    6,    6,    0,  608,   30,   47,    0,  230,  230,  230,   56,   74,  230,  230,  164,
   230,  230,  230,  230],
 [   0,    0,    0,    0,  384,    0,    0,  277,    0,    0,    0,    0,    0,    0,    0,    0,
     0,    0,    0,    0,    0,    0,    0,    0,    0,    0,    0,    0,    4,    0,    0,    0,
     0,    0,    6,    0,  256,   30,   34,    0,  230,  230,  230,  230,   74,  230,  230,  164,
   230,  230,  230,  230]]