[[-231,    0,    0,    2,  -73,    0,    0,  -23, -108, -266,   27,    0,    2,    0,    0,    0,
     0,    0,    0,    2,    4,    3,    3,    0,    7,    0,    0,   -2,   -3,    0,    6,    0,
     0,    6,    6,    0,  832,   32,   54,    0,   18,  230,  230,   56,   74,  230,  230,  164,
   192,  126,  146,  230],
 [-183,    0,    0,   50,  -25,    0,    0,   25,  -60, -218,    0,    0,    2,    0,    0,    0,
     0,    0,    0,    2,    4,    3,    0,    0,    7,    0,    0,   -2,   -3,    0,    6,    0,
     0,    6,    6,    0,  784,   32,   45,    0,   18,  230,  230,   56,   74,  230,  230,  164,
   192,  126,  230,  230],
 [-151,    0,    0,    0,    7,    0,    0,   57,  -28, -186,    0,    0,    1,    0,    0,    0,
     0,    0,    0,    1,    3,    2,    0,    0,    7,    0,    0,    0,   -3,    0,    6,    0,
     0,    0,    6,    0,  752,   33,   33,    0,   18,  230,  230,  230,   74,  230,  230,  164,
   192,  126,  230,  230],
 [ 393,    0,    0,    0,    0,    0,    0,    0,  516,  358,    0,    0,   -2,    0,    0,    0,
     0,    0,    0,    0,    0,   -1,    0,    0,    7,    0,    0,    0,    0,    0,    6,    0,
     0,    0,    0,    0,  208,   36,   30,    0,   18,  230,  230,  230,  230,  230,  230,  230,
   192,  126,  230,  230]]