[[  -2,    0,    8,   16,    8,    0,    0,   11,   18,    0,    0,   -7,   -2,    0,    0,    0,
     0,    0,    0,    0,    0,    0,    0,    1,    0,    0,    4,    0,   -4,    2,    6,    0,
     6,    6,    6,    6,  1408,    7,   62,    0,   20,  230,   40,   58,   76,  230,  230,  166,
   184,  230,  230,  224],
 [   0,    0,    0,  112,  104,    0,    0,  107,  114,    0,    0,    0,    0,    0,    0,    0,
     0,    0,    0,    0,    0,    0,    0,    0,    0,    0,    0,    0,   -4,    0,    0,    0,
     0,    6,    6,    0,  1312,    7,   40,    0,  230,  230,  230,   58,   76,  230,  230,  166,
   184,  230,  230,  230],
 [ 446,    0,    0,    0,    0,    0,    0,    0,    0,    0,    0,  441,    0,    0,    0,    0,
     0,    0,    0,    0,    0,    0,    0,    3,    0,    0,    0,    0,    0,    2,    6,    0,
     0,    0,    0,    6,  960,    5,   28,    0,   20,  230,  230,  230,  230,  230,  230,  230,
   230,  230,  230,  224],
 [   0,    0,    0,    0,    0,    0,    0,    0,    0,    0,    0,    0,    0,    0,    0,    0,
     0,    0,    0,    0,    0,    0,    0,    0,    0,    0,    0,    0,    0,    0,    0,    0,
     0,    0,    0,    0,    0,    0,    0,    0,  230,  230,  230,  230,  230,  230,  230,  230,
   230,  230,  230,  230]]