[[   0,    0,    0,    0,    0,    0,    0,  125,    0,    0,    0, -189,    0,    0,    0,    0,
     0,    0,    0,    0,    0,    0,    0,    5,    0,    0,    0,    0,    0,   26,    0,    0,
     0,    0,    0,    6, -1200,   17,   55,    0,  230,  230,  230,  230,  230,  230,  230,  162,
   230,  230,  230,  216],
 [-203,    0,   16,    0,    0,    0,    0,  -19,    0, -284,    1, -333,    1,    0,    0,    0,
     0,    0,    0,    0,    0,    4,    1,    5,    4,    0,    0,    0,    0,   26,    6,    0,
     6,    6,    0,    6, -1056,   17,   53,    0,    0,  230,   36,   54,  230,  230,  230,  162,
   230,  108,  144,  216],
 [   0,    0,    0,   64,    0,    0,    0,   45,    0,    0,   65,    0,    0,    0,    0,    0,
     0,    0,    0,    0,    0,    0,    1,    0,    0,    0,    0,    0,    0,    0,    0,    0,
     0,    6,    0,    0, -1120,   17,   27,    0,  230,  230,  230,   54,  230,  230,  230,  162,
   230,  230,  144,  230],
 [ 453,    0,    0,    0,    0,    0,    0,    0,    0,  372,    0,  323,    0,    0,    0,    0,
     0,    0,    0,    0,    0,    3,    0,    4,    4,    0,    0,    0,    0,   26,    6,    0,
     0,    0,    0,    6, -1712,   18,   22,    0,    0,  230,  230,  230,  230,  230,  230,  230,
   230,  108,  230,  216]]