[[ 406,    0,    0,  -19,   21,    0,    0,   -3,   32,  519,    0,    0,    5,    0,    0,    1,
     0,    0,    0,    1,    0,    7,    0,    0,   -8,    0,    0,    2,    3,    0,    6,    0,
     0,    6,    5,    0, -1264,   19,   33,    0,    0,  230,  230,   54,   72,  230,  230,  162,
   180,  110,  230,  230],
 [ 470,    0,    0,    0,    0,    0,    0,    0,    0,  583,    0,    0,    0,    0,    0,    0,
     0,    0,    0,    0,    0,    1,    0,    0,   -8,    0,    0,    0,    0,    0,    6,    0,
     0,    0,    0,    0, -1328,   25,   29,    0,    0,  230,  230,  230,  230,  230,  230,  230,
   230,  110,  230,  230],
 [-104,    0,    0,    0,    0,    0,    0,    0,    0,  -57,    0,    0,    0,    0,    0,    0,
     0,    0,    0,    0,    0,    1,    0,    0,   -8,    0,    0,    0,    0,    0,    5,    0,
     0,    0,    0,    0, -688,   25,   29,    0,    2,  230,  230,  230,  230,  230,  230,  230,
   230,  110,  230,  230],
 [ 582,    0,    0,    0,    0,    0,    0,    0,    0,    0,    0,    0,    0,    0,    0,    0,
     0,    0,    0,    0,    0,    0,    0,    0,   -8,    0,    0,    0,    0,    0,    6,    0,
     0,    0,    0,    0, -1440,   24,   24,    0,    0,  230,  230,  230,  230,  230,  230,  230,
   230,  230,  230,  230]]