[[   0,  -10,    4,    8,    8,    0,    0,   16,   16,    0,    0,    0,    0,    0,    0,    0,
     0,    0,    1,   -3,    1,    0,    0,    0,    0,    2,    0,    0,    0,    0,    0,    5,
     6,    6,    4,    0, -832,   63,   63,    0,  230,    6,   44,   60,   78,  230,  150,  170,
   188,  230,  230,  230],
 [   0,   38,    0,   56,   56,    0,   48,   64,   64,    0,    0,    0,    0,    0,    0,    0,
     0,    0,    1,   -3,    1,    0,    0,    0,    0,    2,    0,    0,    0,    0,    0,    5,
     0,    6,    4,    0, -880,   63,   50,    0,  230,    6,  230,   60,   78,  230,  150,  170,
   188,  230,  230,  230],
 [   0,  118,    0,  136,  136,    0,    0,  144,  144,    0,    0,    0,    0,    0,    0,    0,
     0,    0,    0,   -3,    1,    0,    0,    0,    0,    2,    0,    0,    0,    0,    0,    5,
     0,    6,    4,    0, -960,   63,   21,    0,  230,    6,  230,   60,   78,  230,  230,  170,
   188,  230,  230,  230],
 [   0,  198,    0,    0,  216,    0,    0,  224,  224,    0,    0,    0,    0,    0,    0,    0,
     0,    0,    0,   -3,    1,    0,    0,    0,    0,    2,    0,    0,    0,    0,    0,    5,
     0,    0,    4,    0, -1040,   63,   18,    0,  230,    6,  230,  230,   78,  230,  230,  170,
   188,  230,  230,  230]]