[[ 204,    0,    8,   40,  112,    0,    0,   53,  135,  230,    9,  265,    1,    0,    1,    0,
     0,    0,    0,    0,    0,    1,    1,    6,   -4,    0,    0,    4,    0,  -22,    6,    0,
     6,    6,    6,    6,  336,   17,   63,    0,   18,  230,   38,   56,   74,  230,  230,  164,
   182,  126,  146,  222],
 [ 140,    0,    0,  -24,   48,    0,    0,  -11,    0,  166,    0,  201,    1,    0,    0,    0,
     0,    0,    0,    0,    0,    1,    0,    6,   -4,    0,    0,    4,    0,  -22,    6,    0,
     0,    6,    6,    6,  400,   17,   51,    0,   18,  230,  230,   56,   74,  230,  230,  164,
   230,  126,  230,  222],
 [ 444,    0,    0,    0,    0,    0,    0,    0,    0,  470,    0,  505,    0,    0,    0,    0,
     0,    0,    0,    0,    0,    0,    0,    5,   -4,    0,    0,    0,    0,  -22,    6,    0,
     0,    0,    0,    6,   96,   18,   22,    0,   18,  230,  230,  230,  230,  230,  230,  230,
   230,  126,  230,  222],
 [-100,    0,    0,    0,    0,    0,    0,    0,    0,  -74,    0,  -39,    0,    0,    0,    0,
     0,    0,    0,    0,    0,    0,    0,    5,   -4,    0,    0,    0,    0,  -22,    6,    0,
     0,    0,    0,    6,  640,   18,   22,    0,   18,  230,  230,  230,  230,  230,  230,  230,
   230,  126,  230,  222]]