[[   0,  -36,   16,   23,   13,  -20,    0,   20,    0,    0,    0,    0,    0,    1,    0,    0,
     0,    3,    0,    3,    0,    0,    0,    0,    0,    3,    0,   -2,   -1,    0,    0,    6,
     5,    5,    6,    0, -768,   69,   59,    0,  230,    8,   44,   62,   80,  116,  230,  170,
   230,  230,  230,  230],
 [   0,   92,    0,  151,  141,  108,    0,  148,    0,    0,    0,    0,    0,    1,    0,    0,
     0,    3,    0,    3,    0,    0,    0,    0,    0,    3,    0,   -2,   -1,    0,    0,    6,
     0,    5,    6,    0, -896,   69,   49,    0,  230,    8,  230,   62,   80,  116,  230,  170,
   230,  230,  230,  230],
 [   0,  140,    0,    0,  189,  156,    0,  196,    0,    0,    0,    0,    0,    1,    0,    0,
     0,    3,    0,    3,    0,    0,    0,    0,    0,    3,    0,    0,   -1,    0,    0,    6,
     0,    0,    6,    0, -944,   69,   47,    0,  230,    8,  230,  230,   80,  116,  230,  170,
   230,  230,  230,  230],
 [   0,  188,    0,    0,  237,    0,    0,  244,    0,    0,    0,    0,    0,    1,    0,    0,
     0,    0,    0,    3,    0,    0,    0,    0,    0,    3,    0,    0,   -1,    0,    0,    6,
     0,    0,    6,    0, -992,   69,   16,    0,  230,    8,  230,  230,   80,  230,  230,  170,
   230,  230,  230,  230]]