[[-192,    0,   15,    0,  -66,    0,    0,  -28,  -72, -279,   16,    0,    0,    0,    0,    0,
     0,    0,    0,   -3,    1,   -1,    2,    0,    6,    0,   -1,    0,   -3,    0,    6,    0,
     6,    0,    6,    0, -704,   43,   62,    0,    0,  230,   36,  230,   80,  230,  230,  170,
   188,  108,  144,  230],
 [-128,    0,    0,    0,   -2,    0,    0,   36,   -8, -215,    0,    0,    0,    0,    0,    0,
     0,    0,    0,   -3,    1,   -1,    0,    0,    6,    0,    0,    0,   -3,    0,    6,    0,
     0,    0,    6,    0, -768,   43,   33,    0,    0,  230,  230,  230,   80,  230,  230,  170,
   188,  108,  230,  230],
 [ 384,    0,    0,    0,  510,    0,    0,    0,  504,  297,    0,    0,    0,    0,    0,    0,
     0,    0,    0,    0,    1,   -1,    0,    0,    6,    0,    0,    0,   -3,    0,    6,    0,
     0,    0,    6,    0, -1280,   43,   30,    0,    0,  230,  230,  230,   80,  230,  230,  230,
   188,  108,  230,  230],
 [ -96,    0,    0,    0,   30,    0,    0,    0,   24, -183,    0,    0,    0,    0,    0,    0,
     0,    0,    0,    0,    1,   -1,    0,    0,    6,    0,    0,    0,   -3,    0,    6,    0,
     0,    0,    6,    0, -800,   43,   30,    0,    0,  230,  230,  230,   80,  230,  230,  230,
   188,  108,  230,  230]]