[[   0,   48,   20,   16,   16,   46,   19,    9,   19,    0,    0,    0,    0,    1,    1,    1,
     1,   -2,    0,    5,   -2,    0,    0,    0,    0,   -4,   -4,    0,    0,    0,    0,    6,
     6,    6,    6,    0,  976,   55,   63,    0,  230,   26,   50,   68,   86,  134,  158,  176,
   194,  230,  230,  230],
 [   0,  176,    0,  144,  144,  174,    0,  137,  147,    0,    0,    0,    0,    3,    0,    3,
     3,    0,    0,    7,    0,    0,    0,    0,    0,   -4,    0,    0,    0,    0,    0,    6,
     0,    6,    6,    0,  848,   53,   51,    0,  230,   26,  230,   68,   86,  134,  230,  176,
   194,  230,  230,  230],
 [   0,    0,    0,    0,    0,  254,    0,    0,  227,    0,    0,    0,    0,    0,    0,    0,
     0,    0,    0,    0,    0,    0,    0,    0,    0,    0,    0,    0,    0,    0,    0,    0,
     0,    0,    0,    0,  768,   53,   37,    0,  230,  230,  230,  230,  230,  134,  230,  230,
   194,  230,  230,  230],
 [   0,    0,    0,    0,  240,    0,    0,  233,  243,    0,    0,    0,    0,    0,    0,    0,
     3,    0,    0,    7,    0,    0,    0,    0,    0,    0,    0,    0,    0,    0,    0,    0,
     0,    0,    6,    0,  752,   53,    7,    0,  230,  230,  230,  230,   86,  230,  230,  176,
   194,  230,  230,  230]]