[[ 131,    0,   11,   -8,  -19,    0,    0,  -21,  -27,    0,   31,  162,    0,    0,    1,    0,
     0,    0,    0,    0,    0,    0,    0,    1,   -2,    0,    0,    0,    2,  -10,    6,    0,
     6,    6,    6,    6, -784,   12,   63,    0,    2,  230,   37,   54,   72,  230,  230,  162,
   180,  230,  145,  218],
 [ 227,    0,   -6,    0,   77,    0,    0,   75,   69,    0,    0,  258,    0,    0,    1,    0,
     0,    0,    0,    0,    0,    0,    0,    1,   -2,    0,    2,    0,    2,  -10,    6,    0,
     6,    0,    6,    6, -880,   12,   59,    0,    2,  230,   36,  230,   72,  230,  230,  162,
   180,  230,  230,  218],
 [ 179,    0,    0,   40,   29,    0,    0,   27,   21,    0,    0,  210,    0,    0,    0,    0,
     0,    0,    0,    0,    0,    0,    0,    1,   -2,    0,    0,    0,    2,  -10,    6,    0,
     0,    6,    6,    6, -832,   12,   48,    0,    2,  230,  230,   54,   72,  230,  230,  162,
   180,  230,  230,  218],
 [ 307,    0,    0,    0,    0,    0,    0,    0,  149,    0,    0,  338,    0,    0,    0,    0,
     0,    0,    0,    0,    0,    0,    0,    1,   -2,    0,    0,    0,    0,  -10,    6,    0,
     0,    0,    0,    6, -960,   12,   34,    0,    2,  230,  230,  230,  230,  230,  230,  230,
   180,  230,  230,  218]]