[[ -84,    0,   16,   24,   16,    0,    0,   23,   15, -118,   10, -139,    0,    0,    0,    0,
     0,    0,    0,    1,    0,    0,    2,    5,    3,    0,    0,    1,    0,   14,    4,    0,
     5,    6,    5,    6,  -96,   17,   63,    0,    4,  230,   38,   56,   74,  230,  230,  164,
   182,  112,  146,  218],
 [ -68,    0,    0,   56,   48,    0,    0,   55,   47,    0,    0, -107,    0,    0,    0,    0,
     0,    0,    0,    1,    0,    0,    0,    5,   15,    0,    0,    1,    0,   14,    4,    0,
     0,    6,    5,    6, -128,   17,   48,    0,    5,  230,  230,   56,   74,  230,  230,  164,
   182,  230,  230,  218],
 [ 412,    0,    0,    0,    0,    0,    0,    0,    0,  394,    0,  373,    0,    0,    0,    0,
     0,    0,    0,    0,    0,    0,    0,    5,   15,    0,    0,    0,    0,   14,    4,    0,
     0,    0,    0,    6, -608,   17,   38,    0,    5,  230,  230,  230,  230,  230,  230,  230,
   230,  112,  230,  218],
 [  44,    0,    0,    0,    0,    0,    0,    0,    0,   26,    0,    5,    0,    0,    0,    0,
     0,    0,    0,    0,    0,    0,    0,    5,   15,    0,    0,    0,    0,   14,    4,    0,
     0,    0,    0,    6, -240,   17,   38,    0,    5,  230,  230,  230,  230,  230,  230,  230,
   230,  112,  230,  218]]