[[  55,    0,    3,    0,   -4,    0,    0,   -4,   -4,   73,    6,    0,    1,    0,    0,    0,
     0,    0,    0,   -4,    0,    3,    1,    0,   -2,    0,   -2,    0,    0,    0,    6,    0,
     6,    0,    6,    0, -1392,   44,   63,    0,    0,  230,   36,  230,   78,  230,  230,  168,
   186,  108,  144,  230],
 [ 247,    0,    0,    0,  188,    0,    0,  188,  188,  265,    0,    0,    1,    0,    0,    0,
     0,    0,    0,   -4,    0,    3,    0,    0,   -2,    0,    0,    0,    0,    0,    6,    0,
     0,    0,    6,    0, -1584,   44,   39,    0,    0,  230,  230,  230,   78,  230,  230,  168,
   186,  108,  230,  230],
 [ 183,    0,    0,    0,  124,    0,    0,    0,  124,  201,    0,    0,    1,    0,    0,    0,
     0,    0,    0,    0,    0,    3,    0,    0,   -2,    0,    0,    0,    0,    0,    6,    0,
     0,    0,    6,    0, -1520,   44,   35,    0,    0,  230,  230,  230,   78,  230,  230,  230,
   186,  108,  230,  230],
 [-201,    0,    0,    0, -260,    0,    0, -260, -260,    0,    0,    0,    1,    0,    0,    0,
     0,    0,    0,   -4,    0,    0,    0,    0,   -2,    0,    0,    0,    0,    0,    6,    0,
     0,    0,    6,    0, -1136,   44,   35,    0,    0,  230,  230,  230,   78,  230,  230,  168,
   186,  230,  230,  230]]