[[   0,    0,    0,    0,   -8,    0,    0,  -35,    0,    0,    0,   32,    0,    0,    0,    0,
     0,    0,    0,    1,    0,    0,    0,    1,    0,    0,    0,    0,    0,  -15,    0,    0,
     0,    0,    6,    6, -720,    7,   54,    0,  230,  230,  230,  230,   72,  230,  230,  162,
   230,  230,  230,  218],
 [   0,    0,   16,   40,   88,    0,    0,   61,    0,    0,   13,    0,    0,    0,    0,    0,
     0,    0,    0,    1,    0,    0,    0,    0,    0,    0,    0,    4,    0,    0,    0,    0,
     6,    6,    6,    0, -816,    7,   50,    0,  230,  230,   36,   54,   72,  230,  230,  162,
   230,  230,  144,  230],
 [ 136,    0,    0,    0,  136,    0,    0,    0,  159,    0,   61,  176,   -2,    0,    0,    0,
     0,    0,    0,    0,    1,    0,    0,    1,    0,    0,    0,    0,    0,  -15,    6,    0,
     0,    0,    6,    6, -864,    7,   49,    0,    2,  230,  230,  230,   72,  230,  230,  230,
   180,  230,  144,  218],
 [ 440,    0,    0,    0,    0,    0,    0,    0,    0,    0,    0,  480,    0,    0,    0,    0,
     0,    0,    0,    0,    0,    0,    0,    3,    0,    0,    0,    0,    0,  -15,    6,    0,
     0,    0,    0,    6, -1168,    5,   28,    0,    2,  230,  230,  230,  230,  230,  230,  230,
   230,  230,  230,  218]]