[[ 499,  128,    0,  -36,   36,   92,    0,   17,   73,  573,    0,    0,    2,    1,    0,    0,
     1,    5,    0,    2,    5,    3,    0,    0,  -12,  -12,    0,    0,    4,    0,    6,    6,
     0,    6,    6,    0,  144,   48,   63,    0,   18,   10,  230,   64,   82,  118,  230,  172,
   190,  126,  230,  230],
 [   0,    0,    0,  124,  196,  252,    0,  177,  233,    0,    0,    0,    0,    0,    0,    0,
     1,    5,    0,    2,    5,    0,    0,    0,    0,    0,    0,    0,    4,    0,    0,    0,
     0,    6,    6,    0,  -16,   48,   61,    0,  230,  230,  230,   64,   82,  118,  230,  172,
   190,  230,  230,  230],
 [   0,  176,    0,   12,   84,  140,    0,   65,  121,    0,    0,    0,    0,    1,    0,    0,
     1,    5,    0,    2,    5,    0,    0,    0,    0,  -12,    0,    0,    4,    0,    0,    6,
     0,    6,    6,    0,   96,   48,   61,    0,  230,   10,  230,   64,   82,  118,  230,  172,
   190,  230,  230,  230],
 [   0,    0,    0, -148,  -76,  -20,    0,  -95,  -39,    0,    0,    0,    0,    0,    0,    0,
     1,    5,    0,    2,    5,    0,    0,    0,    0,    0,    0,    0,    4,    0,    0,    0,
     0,    6,    6,    0,  256,   48,   61,    0,  230,  230,  230,   64,   82,  118,  230,  172,
   190,  230,  230,  230]]