[[   0,  -17,    4,    8,    7,  -12,    0,    0,    8,    0,    0,    0,    0,    0,    0,    0,
     0,    3,   -1,    3,   -5,    0,    0,    0,    0,    1,    0,    0,   -1,    0,    0,    6,
     6,    6,    6,    0,  1456,   77,   63,    0,  230,   26,   50,   68,   86,  134,  158,  176,
   194,  230,  230,  230],
 [   0,   31,    0,   56,   55,   36,   48,   48,   56,    0,    0,    0,    0,    0,    0,    0,
     0,    3,   -1,    3,   -5,    0,    0,    0,    0,    1,    0,    0,   -1,    0,    0,    6,
     0,    6,    6,    0,  1408,   77,   62,    0,  230,   26,  230,   68,   86,  134,  158,  176,
   194,  230,  230,  230],
 [   0,  111,    0,  136,  135,  116,    0,  128,  136,    0,    0,    0,    0,    0,    0,    0,
     0,    3,    0,    3,   -5,    0,    0,    0,    0,    1,    0,    0,   -1,    0,    0,    6,
     0,    6,    6,    0,  1328,   77,   53,    0,  230,   26,  230,   68,   86,  134,  230,  176,
   194,  230,  230,  230],
 [   0,  159,    0,    0,  183,  164,    0,  176,  184,    0,    0,    0,    0,    0,    0,    0,
     0,    3,    0,    3,   -5,    0,    0,    0,    0,    1,    0,    0,   -1,    0,    0,    6,
     0,    0,    6,    0,  1280,   77,   49,    0,  230,   26,  230,  230,   86,  134,  230,  176,
   194,  230,  230,  230]]