[[ -55,    0,    8,   16,   18,    0,    0,   12,   18,  -71,   -2,  -81,    0,    0,    0,    0,
     0,    0,    0,    0,    0,   -1,    0,   -1,    0,    0,    0,    0,    1,    6,    4,    0,
     5,    5,    6,    6, -880,   18,   63,    0,    0,  230,   36,   54,   72,  230,  230,  162,
   180,  108,  144,  216],
 [-183,    0,    0,    0, -110,    0,    0,    0, -110, -199,    0, -209,    0,    0,    0,    0,
     0,    0,    0,    0,    0,   -1,    0,   -1,    0,    0,    0,    0,    1,    6,    4,    0,
     0,    0,    6,    6, -752,   18,   40,    0,    0,  230,  230,  230,   72,  230,  230,  230,
   180,  108,  230,  216],
 [ 409,    0,    0,    0,    0,    0,    0,    0,    0,  393,    0,  383,    1,    0,    0,    0,
     0,    0,    0,    0,    0,    0,    0,    0,    0,    0,    0,    0,    0,    6,    4,    0,
     0,    0,    0,    6, -1344,   17,   38,    0,    0,  230,  230,  230,  230,  230,  230,  230,
   230,  108,  230,  216],
 [   0,    0,    0,    0,    0,    0,    0,    0,    0,  505,    0,  495,    0,    0,    0,    0,
     0,    0,    0,    0,    0,    0,    0,    0,    0,    0,    0,    0,    0,    6,    0,    0,
     0,    0,    0,    6, -1456,   17,   26,    0,  230,  230,  230,  230,  230,  230,  230,  230,
   230,  108,  230,  216]]