[[  48,    0,   16,    8,    8,    0,    0,    4,   11,   53,   18,   57,   -1,    0,    0,    0,
     0,    0,    0,    0,    1,   -1,    0,    4,    0,    0,    0,    0,    0,   -3,    6,    0,
     6,    6,    6,    6, -496,   19,   63,    0,    2,  230,   36,   54,   72,  230,  230,  162,
   180,  110,  144,  218],
 [   0,    0,    0,  104,  104,    0,    0,  100,  107,    0,    0,    0,    0,    0,    0,    0,
     0,    0,    0,    0,    1,    0,    0,    0,    0,    0,    0,    0,    0,    0,    0,    0,
     0,    6,    6,    0, -592,   19,   40,    0,  230,  230,  230,   54,   72,  230,  230,  162,
   180,  230,  230,  230],
 [-176,    0,    0,    0,    0,    0,    0,    0,    0,    0,    0, -167,    0,    0,    0,    0,
     0,    0,    0,    0,    0,    0,    0,    5,    0,    0,    0,    0,    0,   -3,    6,    0,
     0,    0,    0,    6, -272,   18,   28,    0,    2,  230,  230,  230,  230,  230,  230,  230,
   230,  230,  230,  218],
 [   0,    0,    0,    0,  136,    0,    0,  132,  139,    0,    0,    0,    0,    0,    0,    0,
     0,    0,    0,    0,    1,    0,    0,    0,    0,    0,    0,    0,    0,    0,    0,    0,
     0,    0,    6,    0, -624,   19,   24,    0,  230,  230,  230,  230,   72,  230,  230,  162,
   180,  230,  230,  230]]