[[-140,    0,    8,  -56, -144,    0,    0,  -69, -101,    0,   16, -216,    0,    0,    0,    0,
     0,    0,    0,    0,    0,    0,   -1,    4,    4,    0,    0,    0,    0,   25,    6,    0,
     6,    6,    6,    6,  640,   13,   63,    0,   18,  230,   38,   56,   74,  230,  230,  164,
   183,  230,  146,  222],
 [ -60,    0,    0,   24,    0,    0,    0,   11,  -21,    0,    0, -136,    0,    0,    0,    0,
     0,    0,    0,    0,    0,    0,    0,    4,    4,    0,    0,    0,    0,   25,    6,    0,
     0,    6,    0,    6,  560,   13,   50,    0,   18,  230,  230,   56,  230,  230,  230,  164,
   183,  230,  230,  222],
 [   0,    0,    0,   56,  -32,    0,    0,   43,   11,    0,    0, -104,    0,    0,    0,    0,
     0,    0,    0,    0,    0,    0,    0,    4,    0,    0,    0,    0,    0,   25,    0,    0,
     0,    6,    6,    6,  528,   13,   46,    0,  230,  230,  230,   56,   74,  230,  230,  164,
   183,  230,  230,  222],
 [   0,    0,    0,  104,   16,    0,    0,   91,  -10,    0,    0,    0,    0,    0,    0,    0,
     0,    0,    0,    0,    0,    0,    0,    0,    0,    0,    0,    0,    0,    0,    0,    0,
     0,    6,    6,    0,  480,   13,   40,    0,  230,  230,  230,   56,   74,  230,  230,  164,
   182,  230,  230,  230]]