[[ 170,    0,   15,   14,   39,    0,    0,   19,   52,  227,   26,    0,    2,    0,    0,    0,
     0,    0,    0,    1,    4,    0,    3,    0,   -5,    0,   -1,    2,    1,    0,    5,    0,
     6,    4,    6,    0,  944,   32,   63,    0,   20,  230,   38,   56,   74,  230,  230,  164,
   194,  128,  146,  230],
 [ 378,    0,    0,  222,  247,    0,    0,  227,  260,  435,    0,    0,    2,    0,    0,    0,
     0,    0,    0,    1,    4,    0,    0,    0,   -5,    0,    0,    2,    1,    0,    5,    0,
     0,    4,    6,    0,  736,   32,   45,    0,   20,  230,  230,   56,   74,  230,  230,  164,
   194,  128,  230,  230],
 [ 490,    0,    0,    0,  359,    0,    0,  339,  372,  547,    0,    0,    2,    0,    0,    0,
     0,    0,    0,    1,    4,    0,    0,    0,   -5,    0,    0,    0,    1,    0,    5,    0,
     0,    0,    6,    0,  624,   32,   33,    0,   20,  230,  230,  230,   74,  230,  230,  164,
   194,  128,  230,  230],
 [ 522,    0,    0,    0,  391,    0,    0,    0,  404,  579,    0,    0,    2,    0,    0,    0,
     0,    0,    0,    0,    4,    0,    0,    0,   -5,    0,    0,    0,    1,    0,    5,    0,
     0,    0,    6,    0,  592,   32,   30,    0,   20,  230,  230,  230,   74,  230,  230,  230,
   194,  128,  230,  230]]