[[  89,    0,    8,    0,    0,    0,    0,    1,    7,    0,   15,  115,    0,    0,    0,    0,
     0,    0,    0,    1,    1,    0,    2,    3,    0,    0,    0,    0,    0,  -12,    6,    0,
     6,    0,    0,    6, -1968,   10,   61,    0,   90,  230,   96,  230,  230,  230,  230,  208,
   212,  230,  204,  228],
 [ 137,    0,    0,    0,   56,    0,    0,   49,   55,    0,   63,  163,   -1,    0,    0,    0,
     0,    0,    0,    0,    0,    0,    1,    2,    0,    0,    0,    0,    4,  -12,    6,    0,
     0,    0,    6,    6, -2016,   11,   58,    0,   90,  230,  230,  230,  104,  230,  230,  208,
   212,  230,  204,  228],
 [ 169,    0,    0,    0,   88,    0,    0,   81,   87,    0,    0,  195,   -1,    0,    0,    0,
     0,    0,    0,    0,    0,    0,    0,    2,    0,    0,    0,    0,    4,  -12,    6,    0,
     0,    0,    6,    6, -2048,   11,   43,    0,   90,  230,  230,  230,  104,  230,  230,  208,
   212,  230,  230,  228],
 [ 425,    0,    0,    0,    0,    0,    0,    0,    0,    0,    0,  451,    0,    0,    0,    0,
     0,    0,    0,    0,    0,    0,    0,    3,    0,    0,    0,    0,    0,  -12,    6,    0,
     0,    0,    0,    6, -2304,   10,   28,    0,   90,  230,  230,  230,  230,  230,  230,  230,
   230,  230,  230,  228]]