[[ -67,    0,   16,   40,   48,    0,    0,   43,   49,    0,    4, -102,    0,    0,    0,    0,
     0,    0,    0,    0,    0,    0,   -2,   -1,    0,    0,    0,    0,    0,    8,    6,    0,
     4,    5,    5,    6,  1152,    9,   63,    0,   20,  230,   40,   58,   76,  230,  230,  166,
   184,  230,  148,  224],
 [ 413,    0,    0,    0,    0,    0,    0,    0,    0,    0,    0,  378,    1,    0,    0,    0,
     0,    0,    0,    0,    0,    0,    0,    0,    0,    0,    0,    0,    0,    8,    6,    0,
     0,    0,    0,    6,  672,    8,   33,    0,   20,  230,  230,  230,  230,  230,  230,  230,
   230,  230,  230,  224],
 [   0,    0,    0,    0,    0,    0,    0,    0,    0,    0,    0,  538,    0,    0,    0,    0,
     0,    0,    0,    0,    0,    0,    0,    0,    0,    0,    0,    0,    0,    8,    0,    0,
     0,    0,    0,    6,  512,    8,   18,    0,  230,  230,  230,  230,  230,  230,  230,  230,
   230,  230,  230,  224],
 [   0,    0,    0,    0,    0,    0,    0,    0,    0,    0,    0,    0,    0,    0,    0,    0,
     0,    0,    0,    0,    0,    0,    0,    0,    0,    0,    0,    0,    0,    0,    0,    0,
     0,    0,    0,    0,    0,    0,    0,    0,  230,  230,  230,  230,  230,  230,  230,  230,
   230,  230,  230,  230]]