[[ 112,    0,   12,    0,  -24,    0,    0,  -17,   -3,  127,   15,  144,    1,    0,    0,    0,
     0,    0,    0,    1,    1,    0,    1,    4,   -3,    0,   -2,    0,    0,  -11,    5,    0,
     6,    0,    6,    6,  768,   18,   63,    0,   18,  230,   38,  230,   74,  230,  230,  164,
   182,  126,  146,  222],
 [ 208,    0,    0,    0,   72,    0,    0,   79,   93,  223,    0,  240,    1,    0,    0,    0,
     0,    0,    0,    1,    1,    0,    0,    4,   -3,    0,    0,    0,    0,  -11,    5,    0,
     0,    0,    6,    6,  672,   18,   47,    0,   18,  230,  230,  230,   74,  230,  230,  164,
   182,  126,  230,  222],
 [ 272,    0,    0,    0,  136,    0,    0,    0,    0,  287,    0,  304,    1,    0,    0,    0,
     0,    0,    0,    0,    0,    0,    0,    4,   -3,    0,    0,    0,    0,  -11,    5,    0,
     0,    0,    6,    6,  608,   18,   40,    0,   18,  230,  230,  230,   74,  230,  230,  230,
   230,  126,  230,  222],
 [ 365,    0,    0,    0,    0,    0,    0,    0,    0,  511,    0,  528,   -1,    0,    0,    0,
     0,    0,    0,    0,    0,    0,    0,    4,    0,    0,    0,    0,    0,  -11,    4,    0,
     0,    0,    0,    6,  384,   18,   38,    0,   19,  230,  230,  230,  230,  230,  230,  230,
   230,  126,  230,  222]]