[[ 361,    0,   16,    0,    0,    0,    0,    0,    0,  415,  -19,    0,    6,    0,    0,    0,
     0,    0,    0,    0,    0,    6,    0,    0,  -12,    0,    0,    0,    0,    0,    6,    0,
     6,    0,    0,    0, -912,   29,   46,    0,    2,  230,   36,  230,  230,  230,  230,  230,
   230,  110,  144,  230],
 [   0,    0,    0,    0,    0,    0,    0,   54,  433,    0,    0,    0,    0,    0,    0,    0,
     0,    0,    0,    2,    0,    0,    0,    0,    0,    0,    0,    0,    0,    0,    0,    0,
     0,    0,    0,    0, -608,   27,   34,    0,  230,  230,  230,  230,  230,  230,  230,  162,
   182,  230,  230,  230],
 [ 425,    0,    0,    0,    0,    0,    0,    0,    0,  479,   45,    0,    6,    0,    0,    0,
     0,    0,    0,    0,    0,    6,    0,    0,  -12,    0,    0,    0,    0,    0,    6,    0,
     0,    0,    0,    0, -976,   29,   27,    0,    2,  230,  230,  230,  230,  230,  230,  230,
   230,  110,  144,  230],
 [ 281,    0,    0,    0,    0,    0,    0,  278,    0,  335,    0,    0,    6,    0,    0,    0,
     0,    0,    0,    0,    0,    6,    0,    0,  -12,    0,    0,    0,    0,    0,    6,    0,
     0,    0,    0,    0, -832,   29,   13,    0,    2,  230,  230,  230,  230,  230,  230,  162,
   230,  110,  230,  230]]