[[-145,    0,   16,   24,    0,    0,    0,    9,   -3, -166,    4, -191,    0,    0,    0,    0,
     1,    0,    0,    0,    1,    2,    0,   -1,    4,    0,    0,   12,   -4,   13,    6,    0,
     6,    6,    6,    4,  656,   24,   63,    0,   18,  230,   38,   56,   74,  230,  230,  164,
   182,  126,  146,  222],
 [-145,    0,   16,   24,    0,    0,    0,    9,   -3, -166,    4,    0,    0,    0,    0,    0,
     1,    0,    0,    0,    1,    2,    0,    0,    4,    0,    0,   12,   -4,    0,    6,    0,
     6,    6,    6,    0,  656,   24,   63,    0,   18,  230,   38,   56,   74,  230,  230,  164,
   182,  126,  146,  230],
 [   0,    0,    0,  184,  160,    0,    0,  169,  157,    0,    0,    0,    0,    0,    0,    0,
     1,    0,    0,    0,    1,    0,    0,    0,    0,    0,    0,   12,   -4,    0,    0,    0,
     0,    6,    6,    0,  496,   24,   47,    0,  230,  230,  230,   56,   74,  230,  230,  164,
   182,  230,  230,  230],
 [ -81,    0,    0,    0,   64,    0,    0,   73,   61,    0,    0, -127,    0,    0,    0,    0,
     1,    0,    0,    0,    1,    0,    0,   -1,    4,    0,    0,    0,   -4,   13,    6,    0,
     0,    0,    6,    4,  592,   24,   43,    0,   18,  230,  230,  230,   74,  230,  230,  164,
   182,  230,  230,  222]]