[[-138,    0,   19,   47,   40,    0,    0,   42,   40, -182,   10,    0,    1,    0,    1,    0,
    -1,    0,    0,    0,    3,    4,    1,    0,    3,    0,    1,    1,    0,    0,    6,    0,
     5,    6,    6,    0,  384,   33,   63,    0,    4,  230,   38,   56,   74,  230,  230,  164,
   192,  112,  146,  230],
 [ 326,    0,    0,    0,  504,    0,    0,    0,  504,  282,    0,    0,    2,    0,    0,    0,
     0,    0,    0,    0,    4,    5,    0,    0,    3,    0,    0,    0,    0,    0,    6,    0,
     0,    0,    6,    0,  -80,   32,   30,    0,    4,  230,  230,  230,   74,  230,  230,  230,
   192,  112,  230,  230],
 [ 582,    0,    0,    0,    0,    0,    0,    0,    0,  538,    0,    0,    0,    0,    0,    0,
     0,    0,    0,    0,    0,    3,    0,    0,    3,    0,    0,    0,    0,    0,    6,    0,
     0,    0,    0,    0, -336,   34,   29,    0,    4,  230,  230,  230,  230,  230,  230,  230,
   230,  112,  230,  230],
 [  70,    0,    0,    0,    0,    0,    0,    0,    0,   26,    0,    0,    0,    0,    0,    0,
     0,    0,    0,    0,    0,    3,    0,    0,    3,    0,    0,    0,    0,    0,    6,    0,
     0,    0,    0,    0,  176,   34,   29,    0,    4,  230,  230,  230,  230,  230,  230,  230,
   230,  112,  230,  230]]