[[  74,    0,    8,    8,   16,    0,    0,   18,   30,    0,   18,  122,   -1,    0,    0,    0,
     0,    0,    0,    1,    0,    0,    1,    1,   -4,    0,    0,    0,    0,  -12,    6,    0,
     6,    6,    6,    6,  1232,   11,   63,    0,   20,  230,   40,   58,   76,  230,  230,  166,
   184,  230,  148,  224],
 [ 122,    0,    0,   56,   64,    0,    0,   66,   78,    0,   66,  170,   -1,    0,    0,    0,
     0,    0,    0,    1,    0,    0,    1,    1,   -4,    0,    0,    0,    0,  -12,    6,    0,
     0,    6,    6,    6,  1184,   11,   60,    0,   20,  230,  230,   58,   76,  230,  230,  166,
   184,  230,  148,  224],
 [   0,    0,    0,  104,  112,    0,    0,  114,  126,    0,    0,    0,    0,    0,    0,    0,
     0,    0,    0,    1,    0,    0,    0,    0,    0,    0,    0,    0,    0,    0,    0,    0,
     0,    6,    6,    0,  1136,   11,   40,    0,  230,  230,  230,   58,   76,  230,  230,  166,
   184,  230,  230,  230],
 [ 442,    0,    0,    0,    0,    0,    0,    0,    0,    0,    0,  490,    0,    0,    0,    0,
     0,    0,    0,    0,    0,    0,    0,    2,   -4,    0,    0,    0,    0,  -12,    6,    0,
     0,    0,    0,    6,  864,   10,   28,    0,   20,  230,  230,  230,  230,  230,  230,  230,
   230,  230,  230,  224]]