[[   0,   59,   20,   23,   32,   56,    0,   20,   28,    0,    0,    0,    0,    1,    0,    0,
     0,    5,    0,    1,   -3,    0,    0,    0,    0,   -3,    1,    0,    1,    0,    0,    5,
     5,    5,    5,    0,  544,   79,   62,    0,  230,   24,   48,   66,   84,  132,  230,  174,
   192,  230,  230,  230],
 [   0,    0,    0,    0,    0,    0,    0,    0,    0,    0,    0,    0,    0,    0,    0,    0,
     0,    0,    0,    0,    0,    0,    0,    0,    0,    0,    0,    0,    0,    0,    0,    0,
     0,    0,    0,    0,    0,    0,    0,    0,  230,  230,  230,  230,  230,  230,  230,  230,
   230,  230,  230,  230],
 [   0,    0,    0,    0,    0,    0,    0,    0,    0,    0,    0,    0,    0,    0,    0,    0,
     0,    0,    0,    0,    0,    0,    0,    0,    0,    0,    0,    0,    0,    0,    0,    0,
     0,    0,    0,    0,    0,    0,    0,    0,  230,  230,  230,  230,  230,  230,  230,  230,
   230,  230,  230,  230],
 [   0,    0,    0,    0,    0,    0,    0,    0,    0,    0,    0,    0,    0,    0,    0,    0,
     0,    0,    0,    0,    0,    0,    0,    0,    0,    0,    0,    0,    0,    0,    0,    0,
     0,    0,    0,    0,    0,    0,    0,    0,  230,  230,  230,  230,  230,  230,  230,  230,
   230,  230,  230,  230]]