[[-247,    0,    0,   57,    0,    0,    0,    0,    0, -284,   32,    0,    0,    0,    0,    0,
     0,    0,    0,    0,    0,    1,    1,    0,    4,    0,    0,   -1,    0,    0,    5,    0,
     0,    5,    0,    0, -432,   34,   40,    0,    2,  230,  230,   54,  230,  230,  230,  230,
   230,  110,  145,  230],
 [   0,    0,    0,    0,    0,    0,    0,    0,    0,  580,    0,    0,    0,    0,    0,    0,
     0,    0,    0,    0,    0,    0,    0,    0,    0,    0,    0,    0,    0,    0,    0,    0,
     0,    0,    0,    0, -1296,   35,    2,    0,  230,  230,  230,  230,  230,  230,  230,  230,
   230,  110,  230,  230],
 [   0,    0,    0,    0,    0,    0,    0,    0,    0,    0,    0,    0,    0,    0,    0,    0,
     0,    0,    0,    0,    0,    0,    0,    0,    0,    0,    0,    0,    0,    0,    0,    0,
     0,    0,    0,    0,    0,    0,    0,    0,  230,  230,  230,  230,  230,  230,  230,  230,
   230,  230,  230,  230],
 [   0,    0,    0,    0,    0,    0,    0,    0,    0,    0,    0,    0,    0,    0,    0,    0,
     0,    0,    0,    0,    0,    0,    0,    0,    0,    0,    0,    0,    0,    0,    0,    0,
     0,    0,    0,    0,    0,    0,    0,    0,  230,  230,  230,  230,  230,  230,  230,  230,
   230,  230,  230,  230]]