[[   0,    8,   16,   16,   21,    7,   17,   26,   26,    0,    0,    0,    0,    1,    0,    0,
     1,   -1,   -3,    2,    5,    0,    0,    0,    0,    0,    0,    0,    0,    0,    0,    6,
     6,    6,    6,    0,  1184,   69,   63,    0,  230,   26,   50,   68,   86,  134,  158,  176,
   194,  230,  230,  230],
 [   0,    0,    0,    0,    0,    0,    0,    0,    0,    0,    0,    0,    0,    0,    0,    0,
     0,    0,    0,    0,    0,    0,    0,    0,    0,    0,    0,    0,    0,    0,    0,    0,
     0,    0,    0,    0,    0,    0,    0,    0,  230,  230,  230,  230,  230,  230,  230,  230,
   230,  230,  230,  230],
 [   0,    0,    0,    0,    0,    0,    0,    0,    0,    0,    0,    0,    0,    0,    0,    0,
     0,    0,    0,    0,    0,    0,    0,    0,    0,    0,    0,    0,    0,    0,    0,    0,
     0,    0,    0,    0,    0,    0,    0,    0,  230,  230,  230,  230,  230,  230,  230,  230,
   230,  230,  230,  230],
 [   0,    0,    0,    0,    0,    0,    0,    0,    0,    0,    0,    0,    0,    0,    0,    0,
     0,    0,    0,    0,    0,    0,    0,    0,    0,    0,    0,    0,    0,    0,    0,    0,
     0,    0,    0,    0,    0,    0,    0,    0,  230,  230,  230,  230,  230,  230,  230,  230,
   230,  230,  230,  230]]