[[   0,    0,    0,   60,  144,    0,    0,    0,  178,    0,    0,    0,    0,    0,    0,    3,
     1,    0,    0,    0,    0,    0,    0,    0,    0,    0,    0,    0,    4,    0,    0,    0,
     0,    6,    6,    0,  1520,   44,   57,    0,  230,  230,  230,   70,   88,  230,  230,  230,
   196,  230,  230,  230],
 [   0,    0,    0,    0,    0,  172,    4,    0,    0,    0,    0,    0,    0,    0,    0,    0,
     0,    0,    0,    0,    0,    0,    0,    0,    0,    0,    0,    0,    0,    0,    0,    0,
     0,    0,    0,    0,  1600,   56,   32,    0,  230,  230,  230,  230,  230,  136,  160,  230,
   230,  230,  230,  230],
 [   0,    0,    0,    0,    0,    0,    0,    0,    0,    0,    0,    0,    0,    0,    0,    0,
     0,    0,    0,    0,    0,    0,    0,    0,    0,    0,    0,    0,    0,    0,    0,    0,
     0,    0,    0,    0,    0,    0,    0,    0,  230,  230,  230,  230,  230,  230,  230,  230,
   230,  230,  230,  230],
 [   0,    0,    0,    0,    0,    0,    0,    0,    0,    0,    0,    0,    0,    0,    0,    0,
     0,    0,    0,    0,    0,    0,    0,    0,    0,    0,    0,    0,    0,    0,    0,    0,
     0,    0,    0,    0,    0,    0,    0,    0,  230,  230,  230,  230,  230,  230,  230,  230,
   230,  230,  230,  230]]